_id,distrito,region,tienda,zona
613f630f536a4bb67b699711,,corporativo,000Corporativo,
613f630f536a4bb67b699712,352,1002,001Prohogar,92
613f630f536a4bb67b699713,341,1009,002NicolasBravo,95
613f630f536a4bb67b699714,58,1002,003Charco,85
613f630f536a4bb67b699715,97,1009,004Prados,90
613f630f536a4bb67b699716,144,1009,005SanMartin,90
613f630f536a4bb67b699717,308,1002,006Chalma,85
613f630f536a4bb67b699718,473,1000,007SPablo,95
613f630f536a4bb67b699719,386,1009,009Chiconautla,95
613f630f536a4bb67b69971a,58,1002,010Cuautepec,85
613f630f536a4bb67b69971b,206,1009,011Heroes2,95
613f630f536a4bb67b69971c,386,1009,012Chiconautla2,95
613f630f536a4bb67b69971d,288,1001,013Costi,102
613f630f536a4bb67b69971e,93,1005,014NuevaAtzacoalco,83
613f630f536a4bb67b69971f,120,1002,015RioBlanco,92
613f630f536a4bb67b699720,485,1006,016Ferro,103
613f630f536a4bb67b699721,463,1002,017Mazapil,32
613f630f536a4bb67b699722,430,1005,019Independencia,83
613f630f536a4bb67b699723,423,1001,020Zapata,94
613f630f536a4bb67b699724,430,1005,021CTMRisco,83
613f630f536a4bb67b699725,473,1009,022ValledeGuadiana,95
613f630f536a4bb67b699726,54,1002,023Zacatenco,32
613f630f536a4bb67b699727,207,1002,024LagoGarda,92
613f630f536a4bb67b699728,288,1001,025SanVicente,102
613f630f536a4bb67b699729,145,1002,026LaDalia,85
613f630f536a4bb67b69972a,375,1000,027Insurgentes,34
613f630f536a4bb67b69972b,393,1006,028Otomis,88
613f630f536a4bb67b69972c,397,1006,030RioTiber,103
613f630f536a4bb67b69972d,4,1003,032Cipreses,4
613f630f536a4bb67b69972e,447,1002,033Guadalupe,32
613f630f536a4bb67b69972f,488,1009,034AvMexico,95
613f630f536a4bb67b699730,172,1001,035Escuadron,102
613f630f536a4bb67b699731,157,1002,036Belisario,85
613f630f536a4bb67b699732,330,1006,037Polvorilla,87
613f630f536a4bb67b699733,421,1005,038R1,83
613f630f536a4bb67b699734,438,1006,039Hera,87
613f630f536a4bb67b699735,473,1009,040Segor,95
613f630f536a4bb67b699736,93,1005,042AlfredodelMazo,83
613f630f536a4bb67b699737,172,1001,043Scruz,102
613f630f536a4bb67b699738,207,1002,044Tacuba,92
613f630f536a4bb67b699739,390,1002,045Santiago,32
613f630f536a4bb67b69973a,366,1006,046Dzemul,88
613f630f536a4bb67b69973b,152,1000,047Emiliano,30
613f630f536a4bb67b69973c,455,1006,048Degollado,103
613f630f536a4bb67b69973d,386,1009,049Chiconautla3,95
613f630f536a4bb67b69973e,408,1000,050NicolasRomero,104
613f630f536a4bb67b69973f,93,1005,052Xalostoc,83
613f630f536a4bb67b699740,463,1002,054Mazapil2,32
613f630f536a4bb67b699741,308,1002,055SanJuanico,85
613f630f536a4bb67b699742,368,1001,056Jacarandas,94
613f630f536a4bb67b699743,97,1009,057SanAndres,90
613f630f536a4bb67b699744,411,1006,058Tlazintla,103
613f630f536a4bb67b699745,97,1009,059Santa Ana,90
613f630f536a4bb67b699746,144,1009,060SanMartin2,90
613f630f536a4bb67b699747,0,1000,063BMorelos,101
613f630f536a4bb67b699748,494,1002,064SanLorenzo,85
613f630f536a4bb67b699749,0,1001,065Mocte,101
613f630f536a4bb67b69974a,120,1002,066MartiresRioBlanco,92
613f630f536a4bb67b69974b,145,1002,067Molinito,85
613f630f536a4bb67b69974c,201,1001,069DPilar,56
613f630f536a4bb67b69974d,0,1000,070TLCXona,101
613f630f536a4bb67b69974e,273,1002,071Pensil,92
613f630f536a4bb67b69974f,477,1000,072Tultepec,34
613f630f536a4bb67b699750,190,1003,073TLCSanFrancisco,84
613f630f536a4bb67b699751,220,1003,074TLCSantaCruz,105
613f630f536a4bb67b699752,0,1000,075RH1,101
613f630f536a4bb67b699753,468,1002,076ZonaEscolar,92
613f630f536a4bb67b699754,355,1003,077TLCTenango,70
613f630f536a4bb67b699755,0,1000,078Jardines,101
613f630f536a4bb67b699756,330,1006,079Polvorilla2,87
613f630f536a4bb67b699757,369,1001,080LasAguilas,102
613f630f536a4bb67b699758,0,1000,081Tepexpan,101
613f630f536a4bb67b699759,145,1002,082Zomeyucan,85
613f630f536a4bb67b69975a,284,1006,083ElManto,87
613f630f536a4bb67b69975b,296,1001,084Madrugada,102
613f630f536a4bb67b69975c,98,1001,085Acuitlapilco,102
613f630f536a4bb67b69975d,442,1006,086MiguelHidalgo,87
613f630f536a4bb67b69975e,157,1002,087LaHiguera,85
613f630f536a4bb67b69975f,256,1002,088Totolinga,32
613f630f536a4bb67b699760,16,1001,089Chimal,102
613f630f536a4bb67b699761,93,1005,090SantaClara,83
613f630f536a4bb67b699762,352,1002,091Anahuac,92
613f630f536a4bb67b699763,0,1001,093Topografos,101
613f630f536a4bb67b699764,495,1002,094Progreso,85
613f630f536a4bb67b699765,0,1000,095TLCSanMateo,101
613f630f536a4bb67b699766,369,1001,096VReyes,102
613f630f536a4bb67b699767,16,1001,097Hojalateros,102
613f630f536a4bb67b699768,381,1006,098Tezonco,87
613f630f536a4bb67b699769,0,1002,099SFelipe,101
613f630f536a4bb67b69976a,411,1006,100Antillas,103
613f630f536a4bb67b69976b,278,1003,101TLCOtzolotepec,105
613f630f536a4bb67b69976c,442,1006,102GallodeOro,87
613f630f536a4bb67b69976d,493,1000,103NinosHeroes,104
613f630f536a4bb67b69976e,331,1001,104Xochiaca,102
613f630f536a4bb67b69976f,408,1000,105LaColmena,104
613f630f536a4bb67b699770,427,1006,106Av10,87
613f630f536a4bb67b699771,381,1006,107Gitana,87
613f630f536a4bb67b699772,120,1002,108NvaTenochtitlan,92
613f630f536a4bb67b699773,0,1000,109Cien,101
613f630f536a4bb67b699774,473,1009,110SanAntonio,95
613f630f536a4bb67b699775,0,1001,111LosReyes,101
613f630f536a4bb67b699776,172,1001,112Iztapalapa,102
613f630f536a4bb67b699777,361,1000,113LaQuebrada,104
613f630f536a4bb67b699778,54,1002,114LaPresa,32
613f630f536a4bb67b699779,368,1001,115Meyehualco,94
613f630f536a4bb67b69977a,449,1006,116Beethoven,103
613f630f536a4bb67b69977b,340,1001,117JusticiaSocial,94
613f630f536a4bb67b69977c,0,1001,118VReyes2,101
613f630f536a4bb67b69977d,330,1006,119Buenavista,87
613f630f536a4bb67b69977e,0,1001,120Papalotl,101
613f630f536a4bb67b69977f,58,1002,121Forestal,85
613f630f536a4bb67b699780,357,1003,122TLCAcahualco,105
613f630f536a4bb67b699781,0,1000,123TLCSeminario,101
613f630f536a4bb67b699782,457,1003,124TLCAlmoloya,105
613f630f536a4bb67b699783,393,1006,125Mixtecas,88
613f630f536a4bb67b699784,253,1001,126JardinesdeChalco,94
613f630f536a4bb67b699785,459,1001,127SanJuan,102
613f630f536a4bb67b699786,118,1001,128VenustianCarranza,102
613f630f536a4bb67b699787,134,1000,129Zitlaltepec,34
613f630f536a4bb67b699788,341,1009,130SMartindePorres,95
613f630f536a4bb67b699789,0,1000,131Cerezos,101
613f630f536a4bb67b69978a,207,1002,132MarMediterraneo,92
613f630f536a4bb67b69978b,296,1001,133LaEscondida,102
613f630f536a4bb67b69978c,443,1006,134Ahuanusco,88
613f630f536a4bb67b69978d,308,1002,135SanJuanico2,85
613f630f536a4bb67b69978e,315,1009,136SanCarlos,95
613f630f536a4bb67b69978f,383,1003,137TLCOcoyoacac,70
613f630f536a4bb67b699790,0,1001,1384taAvenida,101
613f630f536a4bb67b699791,458,1001,139SanMiguelXico,94
613f630f536a4bb67b699792,504,1001,140JuanEscutia,102
613f630f536a4bb67b699793,435,1003,141TLCSanJuanTilapa,70
613f630f536a4bb67b699794,308,1002,142Cuautepec2,85
613f630f536a4bb67b699795,101,1005,143HGOcdSahagun,96
613f630f536a4bb67b699796,476,1000,144Tepotzotlan,104
613f630f536a4bb67b699797,253,1001,145ChalcoCentro,94
613f630f536a4bb67b699798,251,1001,146Carpinteros,102
613f630f536a4bb67b699799,430,1005,147Centenario,83
613f630f536a4bb67b69979a,386,1009,148Chiconautla4,95
613f630f536a4bb67b69979b,421,1005,149LaNoria,83
613f630f536a4bb67b69979c,482,1005,150Providencia,83
613f630f536a4bb67b69979d,352,1002,151Anahuac2,92
613f630f536a4bb67b69979e,404,1000,152Teoloyucan,34
613f630f536a4bb67b69979f,259,1003,153TLCSTianguistenco,70
613f630f536a4bb67b6997a0,177,1009,154HGOGomezPerez,89
613f630f536a4bb67b6997a1,483,1000,155JardinesDeLaHda,34
613f630f536a4bb67b6997a2,321,1004,156Amecameca,81
613f630f536a4bb67b6997a3,382,1002,157Ixtacala,85
613f630f536a4bb67b6997a4,356,1003,158TLCCalimaya,70
613f630f536a4bb67b6997a5,101,1005,159HGOTepeapulco,96
613f630f536a4bb67b6997a6,334,1005,160SMdelasPiramides,96
613f630f536a4bb67b6997a7,467,1000,161Hueuetoca,34
613f630f536a4bb67b6997a8,101,1005,163HGOApan,96
613f630f536a4bb67b6997a9,157,1002,164JimenezCantu,85
613f630f536a4bb67b6997aa,421,1005,165Maravillas,83
613f630f536a4bb67b6997ab,144,1009,166HGOTizayuca,90
613f630f536a4bb67b6997ac,388,1008,167PUECentro,98
613f630f536a4bb67b6997ad,367,1006,168Margaritas,88
613f630f536a4bb67b6997ae,0,1000,169Ahuehuetes,101
613f630f536a4bb67b6997af,313,1001,170Guadalupana,94
613f630f536a4bb67b6997b0,172,1001,171Av5deMayo,102
613f630f536a4bb67b6997b1,469,1003,172TLCSLTepaltitlan,105
613f630f536a4bb67b6997b2,0,1001,173VascodeQuiroga,101
613f630f536a4bb67b6997b3,485,1006,174Plomo,103
613f630f536a4bb67b6997b4,0,1001,175Mexico,101
613f630f536a4bb67b6997b5,456,1000,176NicolasRomero2,104
613f630f536a4bb67b6997b6,431,1005,177Teotihuacan,96
613f630f536a4bb67b6997b7,449,1006,178Luna,103
613f630f536a4bb67b6997b8,312,1004,179Ozumba,81
613f630f536a4bb67b6997b9,54,1002,180Ixhuatepec,32
613f630f536a4bb67b6997ba,0,1000,181PlandeAyala,101
613f630f536a4bb67b6997bb,16,1001,182Cesteros,102
613f630f536a4bb67b6997bc,315,1009,183VistaHermosa,95
613f630f536a4bb67b6997bd,32,1002,184LasHuertas,1
613f630f536a4bb67b6997be,438,1006,185Nueces,87
613f630f536a4bb67b6997bf,304,1007,186GuadalupeVictoria,86
613f630f536a4bb67b6997c0,58,1002,187JuventinoRosas,85
613f630f536a4bb67b6997c1,460,1006,188LaEstacion,87
613f630f536a4bb67b6997c2,463,1002,189Chamizal,32
613f630f536a4bb67b6997c3,273,1002,191NuevaSantaMaria,92
613f630f536a4bb67b6997c4,324,1002,192PradesdeSanMateo,32
613f630f536a4bb67b6997c5,459,1001,193Malinalco,102
613f630f536a4bb67b6997c6,456,1000,194NicolasRomero3,104
613f630f536a4bb67b6997c7,0,1001,195PUEElCarmen,101
613f630f536a4bb67b6997c8,220,1003,196TLCSBuenaventura,105
613f630f536a4bb67b6997c9,249,1001,197Ixtapaluca,94
613f630f536a4bb67b6997ca,0,1001,198Sindicalismo,101
613f630f536a4bb67b6997cb,288,1001,199SanVicente2,102
613f630f536a4bb67b6997cc,331,1001,200VillaSanLorenzo,102
613f630f536a4bb67b6997cd,463,1002,201Carrusel,32
613f630f536a4bb67b6997ce,0,1001,202MarBaltico,101
613f630f536a4bb67b6997cf,383,1003,203TLCCapulhuac,70
613f630f536a4bb67b6997d0,462,1006,204SanMiguelAjusco,88
613f630f536a4bb67b6997d1,251,1001,205Pescadores,102
613f630f536a4bb67b6997d2,334,1005,206Otumba,96
613f630f536a4bb67b6997d3,231,1002,207Mazapil3,32
613f630f536a4bb67b6997d4,0,1001,208Calle1,101
613f630f536a4bb67b6997d5,422,1008,209PUEZaragoza,98
613f630f536a4bb67b6997d6,367,1006,210Av29deOctubre,88
613f630f536a4bb67b6997d7,0,1000,212Tultitlan,101
613f630f536a4bb67b6997d8,121,1003,213TLCJiquipilco,105
613f630f536a4bb67b6997d9,476,1000,214Tepotzotlan2,104
613f630f536a4bb67b6997da,408,1000,215LaColmena2,104
613f630f536a4bb67b6997db,357,1003,216TLCSanJuanHuertas,105
613f630f536a4bb67b6997dc,251,1001,217Carpinteros2,102
613f630f536a4bb67b6997dd,0,1000,218LaPalma,101
613f630f536a4bb67b6997de,192,1006,219Topilejo,88
613f630f536a4bb67b6997df,93,1005,220SanJoseXalostoc,83
613f630f536a4bb67b6997e0,98,1001,221ChimaluacanCentro,102
613f630f536a4bb67b6997e1,416,1001,222Totolco,102
613f630f536a4bb67b6997e2,172,1001,223Mina,102
613f630f536a4bb67b6997e3,0,1001,224PUECholula,101
613f630f536a4bb67b6997e4,101,1005,225HGOEmilianoZapata,96
613f630f536a4bb67b6997e5,490,1004,226MORConstitucion,81
613f630f536a4bb67b6997e6,427,1006,227Pantitlan,87
613f630f536a4bb67b6997e7,476,1000,228Tepotzotlan3,104
613f630f536a4bb67b6997e8,157,1002,229SanJosedelJaral,85
613f630f536a4bb67b6997e9,98,1001,230DelaPaz,102
613f630f536a4bb67b6997ea,335,1000,231ElTrafico,104
613f630f536a4bb67b6997eb,145,1002,232SantiagoAhuizotla,85
613f630f536a4bb67b6997ec,0,1000,233SanIsidroLaPaz,101
613f630f536a4bb67b6997ed,306,1005,234Atenco,96
613f630f536a4bb67b6997ee,0,1001,235ChalcoCentro2,101
613f630f536a4bb67b6997ef,456,1000,236NicolasRomero4,104
613f630f536a4bb67b6997f0,430,1005,237MartinCarrera,83
613f630f536a4bb67b6997f1,54,1002,238Ticoman,32
613f630f536a4bb67b6997f2,397,1006,239Roma,103
613f630f536a4bb67b6997f3,422,1008,240PUEClavijero,98
613f630f536a4bb67b6997f4,413,1001,241Embarcadero,76
613f630f536a4bb67b6997f5,0,1001,242PUELomasDelSur,101
613f630f536a4bb67b6997f6,354,1006,243Tulyehualco,87
613f630f536a4bb67b6997f7,250,1006,244XochimilcoCentro,88
613f630f536a4bb67b6997f8,225,1008,245TLXCalpulalpan,98
613f630f536a4bb67b6997f9,418,1003,246TLCJocotitlan,105
613f630f536a4bb67b6997fa,404,1000,247Teoloyucan2,34
613f630f536a4bb67b6997fb,39,1007,248LasArmas,58
613f630f536a4bb67b6997fc,445,1004,249MORCocoyoc,81
613f630f536a4bb67b6997fd,442,1006,250LaTurba,87
613f630f536a4bb67b6997fe,331,1001,251Saraperos,102
613f630f536a4bb67b6997ff,256,1002,252LomaColorada,32
613f630f536a4bb67b699800,297,1002,253LaQuebrada2,85
613f630f536a4bb67b699801,119,1005,254HankGonzalez,83
613f630f536a4bb67b699802,248,1001,255Canutillo,94
613f630f536a4bb67b699803,427,1006,256AviacionCivil,87
613f630f536a4bb67b699804,45,1002,257LasMinas,73
613f630f536a4bb67b699805,251,1001,258Herreros,102
613f630f536a4bb67b699806,278,1003,259TLCXonacatlan2,105
613f630f536a4bb67b699807,0,1001,261StaCruzAcalpixca,101
613f630f536a4bb67b699808,284,1006,262PuenteBlanco,87
613f630f536a4bb67b699809,0,1001,263MORTemixcoCentro,101
613f630f536a4bb67b69980a,485,1006,264Tepito,103
613f630f536a4bb67b69980b,447,1002,265ElCoyote,32
613f630f536a4bb67b69980c,442,1006,266DelMar,87
613f630f536a4bb67b69980d,16,1001,267Vidrieros,102
613f630f536a4bb67b69980e,366,1006,268SectorXVII,88
613f630f536a4bb67b69980f,494,1002,269SanLorenzo2,85
613f630f536a4bb67b699810,246,1002,270Yancuitlalpan,32
613f630f536a4bb67b699811,311,1008,271PUEMercadoUnion,76
613f630f536a4bb67b699812,366,1006,272Bonfil,88
613f630f536a4bb67b699813,0,1001,273SanPabloOztotepec,101
613f630f536a4bb67b699814,119,1005,274Copal,83
613f630f536a4bb67b699815,370,1003,275TLCBarrioGuadalup,70
613f630f536a4bb67b699816,462,1006,276SantoTomasAjusco,88
613f630f536a4bb67b699817,145,1002,277Ahuizotla,85
613f630f536a4bb67b699818,428,1009,278HGOIztacihuatl,89
613f630f536a4bb67b699819,0,1000,279OjodeAgua,101
613f630f536a4bb67b69981a,284,1006,280AgraristaMexicano,87
613f630f536a4bb67b69981b,387,1004,281MORColoniaMorelos,81
613f630f536a4bb67b69981c,71,1001,282Palmillas,94
613f630f536a4bb67b69981d,433,1006,283Sur16,87
613f630f536a4bb67b69981e,453,1009,284Texalpa,95
613f630f536a4bb67b69981f,358,1004,285MORTlaltizapan,69
613f630f536a4bb67b699820,248,1001,286SantiagoAcahualte,94
613f630f536a4bb67b699821,458,1001,287Chalco13deJunio,94
613f630f536a4bb67b699822,256,1002,288Totolinga2,32
613f630f536a4bb67b699823,248,1001,289LaCruz,94
613f630f536a4bb67b699824,168,1004,290MORTeteladeVolcan,81
613f630f536a4bb67b699825,363,1009,291HGOTlaxiaca,89
613f630f536a4bb67b699826,375,1000,292FuentesdelValle,34
613f630f536a4bb67b699827,0,1001,293BarrancaSeca,101
613f630f536a4bb67b699828,129,1000,294Zumpango,34
613f630f536a4bb67b699829,447,1002,295Chamapa,32
613f630f536a4bb67b69982a,249,1001,296ValleVerde,94
613f630f536a4bb67b69982b,459,1001,297ValledeBravo,102
613f630f536a4bb67b69982c,0,1001,298MORSenordelPueblo,101
613f630f536a4bb67b69982d,0,1001,299SantiagoTepalcatl,101
613f630f536a4bb67b69982e,297,1002,300LaHiguera2,85
613f630f536a4bb67b69982f,338,1003,301TLCVilladeAllende,105
613f630f536a4bb67b699830,192,1006,302SanAndresTotoltep,88
613f630f536a4bb67b699831,443,1006,303Tecacalo,88
613f630f536a4bb67b699832,71,1001,304Mariel,94
613f630f536a4bb67b699833,145,1002,305Zomeyucan2,85
613f630f536a4bb67b699834,366,1006,306GamayCruz,88
613f630f536a4bb67b699835,227,1003,308TLCSFelipeProgres,105
613f630f536a4bb67b699836,27,1001,309SantaBarbara,21
613f630f536a4bb67b699837,321,1004,310AmecaLopezMateos,81
613f630f536a4bb67b699838,443,1006,311Ahuacan,88
613f630f536a4bb67b699839,256,1002,312LasHuertas2,32
613f630f536a4bb67b69983a,0,1001,313Calle5,101
613f630f536a4bb67b69983b,54,1002,314Caracoles,32
613f630f536a4bb67b69983c,423,1001,315Poniente12,94
613f630f536a4bb67b69983d,58,1002,317GabrielHernandez,85
613f630f536a4bb67b69983e,248,1001,318SantiagoAcahua2,94
613f630f536a4bb67b69983f,387,1004,319MORAntonioBarona,81
613f630f536a4bb67b699840,393,1006,320Popocatepetl,88
613f630f536a4bb67b699841,292,1000,321Aculco,104
613f630f536a4bb67b699842,449,1006,322Beethoven2,103
613f630f536a4bb67b699843,414,1004,323MorMoctezuma,81
613f630f536a4bb67b699844,338,1003,325TLCAlmoloyan,105
613f630f536a4bb67b699845,118,1001,326SantaRosa,102
613f630f536a4bb67b699846,369,1001,327LaPerla,102
613f630f536a4bb67b699847,468,1002,328JorgeNegrete,92
613f630f536a4bb67b699848,0,1000,329NicolasRomero5,101
613f630f536a4bb67b699849,427,1006,330RomeroRubio,87
613f630f536a4bb67b69984a,502,1004,331MORChipitlan,81
613f630f536a4bb67b69984b,330,1006,332DesarrolloUrbano,87
613f630f536a4bb67b69984c,324,1002,333ElTejocote,32
613f630f536a4bb67b69984d,456,1000,334NicolasRomero6,104
613f630f536a4bb67b69984e,321,1004,335AmecaSilvestre,81
613f630f536a4bb67b69984f,423,1001,336Covarrubias,94
613f630f536a4bb67b699850,368,1001,337AguaPrieta,94
613f630f536a4bb67b699851,468,1002,338ZonaEscolar2,92
613f630f536a4bb67b699852,118,1001,340Anenecuilco,102
613f630f536a4bb67b699853,438,1006,341Nueces2,87
613f630f536a4bb67b699854,162,1005,342HGOTulancingo,46
613f630f536a4bb67b699855,430,1005,343LaPradera,83
613f630f536a4bb67b699856,345,1000,344HGOMixquiahuala,34
613f630f536a4bb67b699857,259,1003,345TLCGualupita,70
613f630f536a4bb67b699858,369,1001,346Reforma,102
613f630f536a4bb67b699859,11,1001,347LaAurora,21
613f630f536a4bb67b69985a,403,1001,348LaFlor,102
613f630f536a4bb67b69985b,421,1005,349ValledeAragon,83
613f630f536a4bb67b69985c,357,1003,350TLCDonatoGuerra,105
613f630f536a4bb67b69985d,421,1005,351JardinesGuadalupe,83
613f630f536a4bb67b69985e,414,1004,352MORJiutepec,81
613f630f536a4bb67b69985f,358,1004,353MORJojutla,69
613f630f536a4bb67b699860,266,1004,354MORTejalpa,81
613f630f536a4bb67b699861,278,1003,355TLCSMAtarasquillo,105
613f630f536a4bb67b699862,421,1005,356LaNoria2,83
613f630f536a4bb67b699863,431,1005,357SanPablitoCalmimi,96
613f630f536a4bb67b699864,355,1003,358TLCTenancingo,70
613f630f536a4bb67b699865,271,1005,359Coatlinchan,96
613f630f536a4bb67b699866,426,1003,361TLCTexcaltitlan,105
613f630f536a4bb67b699867,426,1003,363TLCAlmdeAlquisira,105
613f630f536a4bb67b699868,163,1001,364SantaTeresa,21
613f630f536a4bb67b699869,403,1001,365GustavoBaz,102
613f630f536a4bb67b69986a,472,1004,366MORAltaVista,81
613f630f536a4bb67b69986b,347,1004,367MORJonacatepec,69
613f630f536a4bb67b69986c,246,1002,368SanFernando,32
613f630f536a4bb67b69986d,229,1005,369HGODesvLaBoveda,46
613f630f536a4bb67b69986e,295,1003,370TLCTonatico,70
613f630f536a4bb67b69986f,295,1003,371TLCCoatepecHarina,70
613f630f536a4bb67b699870,408,1000,372Cuautitlan,104
613f630f536a4bb67b699871,453,1009,373JardindeCasanueva,95
613f630f536a4bb67b699872,218,1004,374MORAlpuyeca,69
613f630f536a4bb67b699873,0,1001,375PUEHuejotzingo,101
613f630f536a4bb67b699874,471,1004,376MORCuautla,81
613f630f536a4bb67b699875,93,1005,377StaClara2,83
613f630f536a4bb67b699876,335,1000,378ElTrafico2,104
613f630f536a4bb67b699877,320,1008,379PUEXalmimilulco,76
613f630f536a4bb67b699878,379,1003,380TLCOcuilan,70
613f630f536a4bb67b699879,227,1003,381TLCSnJosedelRinco,105
613f630f536a4bb67b69987a,312,1004,382Cuijingo,81
613f630f536a4bb67b69987b,433,1006,383Norte13,87
613f630f536a4bb67b69987c,425,1003,384TLCAmanalco,105
613f630f536a4bb67b69987d,341,1009,385LaCurva,95
613f630f536a4bb67b69987e,134,1000,386HGOAjacuba,34
613f630f536a4bb67b69987f,157,1002,387Huizache,85
613f630f536a4bb67b699880,0,1001,388PUEChachapa,101
613f630f536a4bb67b699881,473,1009,389ValleGuadiana2,95
613f630f536a4bb67b699882,399,1000,390HGOTepatepec,34
613f630f536a4bb67b699883,93,1005,391GranjasValleGuada,83
613f630f536a4bb67b699884,357,1003,392TLCZinacantepec,105
613f630f536a4bb67b699885,472,1004,393MORDomingoDiez,81
613f630f536a4bb67b699886,268,1004,395MORTlalquiltenang,69
613f630f536a4bb67b699887,499,1008,397PUEAmozoc,76
613f630f536a4bb67b699888,246,1002,399Penitas,32
613f630f536a4bb67b699889,453,1009,400Tulpetlac,95
613f630f536a4bb67b69988a,361,1000,401CIzcalli,104
613f630f536a4bb67b69988b,227,1003,402TLCElOro,105
613f630f536a4bb67b69988c,0,1001,403Villada,101
613f630f536a4bb67b69988d,0,1001,404IxtapalucaAMazo,101
613f630f536a4bb67b69988e,271,1005,405TexcocoSanPedro,96
613f630f536a4bb67b69988f,499,1008,406PUETepatlaxco,76
613f630f536a4bb67b699890,138,1004,407MOR3deMayo,29
613f630f536a4bb67b699891,312,1004,408MORAtlatlahucan,81
613f630f536a4bb67b699892,487,1000,409Atlamica,34
613f630f536a4bb67b699893,490,1004,412MORLaCalera,81
613f630f536a4bb67b699894,447,1002,413LosCuartos,32
613f630f536a4bb67b699895,464,1002,414LosArcos,32
613f630f536a4bb67b699896,422,1008,415PUECasaBlanca,98
613f630f536a4bb67b699897,121,1003,416TLCAtlacomulco,105
613f630f536a4bb67b699898,266,1004,417MORIndependencia,81
613f630f536a4bb67b699899,220,1003,418TLCCalixtlahuaca,105
613f630f536a4bb67b69989a,119,1005,419LosBordos,83
613f630f536a4bb67b69989b,0,1001,422PUEXonacatepec,101
613f630f536a4bb67b69989c,379,1003,424TLCMalinalco,70
613f630f536a4bb67b69989d,464,1002,425LaMancha,32
613f630f536a4bb67b69989e,376,1009,426MexicoIndependien,90
613f630f536a4bb67b69989f,484,1009,427LaVia,90
613f630f536a4bb67b6998a0,440,1003,428TLCSnMateoAtenco2,70
613f630f536a4bb67b6998a1,168,1004,429MORCuautlaJuarez,81
613f630f536a4bb67b6998a2,422,1008,431PUEElSalvador,98
613f630f536a4bb67b6998a3,465,1008,432PUESanMartin,91
613f630f536a4bb67b6998a4,0,1001,433PUESanIsidro,101
613f630f536a4bb67b6998a5,266,1004,434MORElCapiri,81
613f630f536a4bb67b6998a6,465,1008,436PUETlalancaleca,91
613f630f536a4bb67b6998a7,0,1001,437PUEIndependencia,101
613f630f536a4bb67b6998a8,0,1001,438Costitlan3,101
613f630f536a4bb67b6998a9,295,1003,439TLCVillaGuerrero,70
613f630f536a4bb67b6998aa,227,1003,440TLCSantaAnaNichi,105
613f630f536a4bb67b6998ab,488,1009,441VicenteGuerrero,95
613f630f536a4bb67b6998ac,426,1003,442TLCTemascaltepec,105
613f630f536a4bb67b6998ad,447,1002,443Guadalupe2,32
613f630f536a4bb67b6998ae,129,1000,444Apaxco,34
613f630f536a4bb67b6998af,129,1000,445Tlapanaloya,34
613f630f536a4bb67b6998b0,331,1001,446VillasSanAgustin,102
613f630f536a4bb67b6998b1,347,1004,447MORTepalcingo,69
613f630f536a4bb67b6998b2,351,1009,448Temascalapa,90
613f630f536a4bb67b6998b3,219,1009,449SanBartoloCuautla,90
613f630f536a4bb67b6998b4,324,1002,450MargaritaMaza,32
613f630f536a4bb67b6998b5,480,1003,451TLCSnPedroCholula,70
613f630f536a4bb67b6998b6,488,1009,452NarcisoMendoza,95
613f630f536a4bb67b6998b7,0,1001,453PUEVillaVerde,101
613f630f536a4bb67b6998b8,256,1002,455ElCadete,32
613f630f536a4bb67b6998b9,355,1003,456TLCStaMaJajalpa,70
613f630f536a4bb67b6998ba,458,1001,457ChalcoTezozomoc,94
613f630f536a4bb67b6998bb,387,1004,458MORFloresMagon,81
613f630f536a4bb67b6998bc,68,1008,459TLXSantaAna,98
613f630f536a4bb67b6998bd,50,1002,460JardinesCerroGord,46
613f630f536a4bb67b6998be,363,1009,461HGOActopan,89
613f630f536a4bb67b6998bf,315,1009,462NuevoLaredo,95
613f630f536a4bb67b6998c0,387,1004,463MORChapultepec,81
613f630f536a4bb67b6998c1,379,1003,465TLCStaMaRayon,70
613f630f536a4bb67b6998c2,379,1003,466TLCSnAntonioLaIsl,70
613f630f536a4bb67b6998c3,429,1005,467Tezoyuca,96
613f630f536a4bb67b6998c4,93,1005,468Xalostoc2,83
613f630f536a4bb67b6998c5,291,1001,469Tezompa,94
613f630f536a4bb67b6998c6,239,1000,470HGOIxmiquilpan,34
613f630f536a4bb67b6998c7,420,1009,471HGOZapotlanJuarez,89
613f630f536a4bb67b6998c8,297,1002,472FelipeAngeles,85
613f630f536a4bb67b6998c9,426,1003,473TLCTejupilco,105
613f630f536a4bb67b6998ca,356,1003,476TLCSMTotocuitlapi,70
613f630f536a4bb67b6998cb,225,1008,477TLXNanacamilpa,98
613f630f536a4bb67b6998cc,473,1009,478Sagitario,95
613f630f536a4bb67b6998cd,253,1001,479ChalcoCulturas,94
613f630f536a4bb67b6998ce,310,1004,480MORLaNopalera,69
613f630f536a4bb67b6998cf,303,1000,482HGOTecozautla,104
613f630f536a4bb67b6998d0,428,1009,483HGOZempoala,89
613f630f536a4bb67b6998d1,453,1009,484ElSantuario,95
613f630f536a4bb67b6998d2,309,1008,485TLXElCarmen,98
613f630f536a4bb67b6998d3,408,1000,486VilladelCarbon,104
613f630f536a4bb67b6998d4,371,1008,487PUEZacatepec,91
613f630f536a4bb67b6998d5,311,1008,488PUECaleras,76
613f630f536a4bb67b6998d6,136,1004,489MORXoxocotla,66
613f630f536a4bb67b6998d7,309,1008,490PUELaOriental,98
613f630f536a4bb67b6998d8,77,1008,492PUEZacatlan,91
613f630f536a4bb67b6998d9,269,1009,493HGOAtotonilcoGran,89
613f630f536a4bb67b6998da,101,1005,494HGOApan2,96
613f630f536a4bb67b6998db,386,1009,495Humo,95
613f630f536a4bb67b6998dc,388,1008,496PUELaAcocota,98
613f630f536a4bb67b6998dd,218,1004,497MORCoatetelco,69
613f630f536a4bb67b6998de,388,1008,498PUERomeroVargas,98
613f630f536a4bb67b6998df,422,1008,499PUESanAparicio,98
613f630f536a4bb67b6998e0,487,1000,500ValleTules,34
613f630f536a4bb67b6998e1,303,1000,501HGOHuichapan,104
613f630f536a4bb67b6998e2,376,1009,502Tonanitla,90
613f630f536a4bb67b6998e3,380,1000,503HGOTepejidelRio,104
613f630f536a4bb67b6998e4,309,1008,504TLXHuamantla,98
613f630f536a4bb67b6998e5,345,1000,505HGOTezontepecAlda,34
613f630f536a4bb67b6998e6,420,1009,506HGOTolcayuca,89
613f630f536a4bb67b6998e7,320,1008,507PUEXoxtla,76
613f630f536a4bb67b6998e8,291,1001,508Huitzilzingo,94
613f630f536a4bb67b6998e9,499,1008,509PUEGrajales,76
613f630f536a4bb67b6998ea,101,1005,510HGOTlanalapa,96
613f630f536a4bb67b6998eb,491,1009,511HGOPlutarcoEliasC,89
613f630f536a4bb67b6998ec,355,1003,512TLCMexicalzingo,70
613f630f536a4bb67b6998ed,386,1009,513JardinesMorelos2,95
613f630f536a4bb67b6998ee,107,1001,514Tezoquiapan,94
613f630f536a4bb67b6998ef,0,1001,515TLXIxtenco,101
613f630f536a4bb67b6998f0,249,1001,516Ayotla,94
613f630f536a4bb67b6998f1,431,1005,517HGOSinguilucan,96
613f630f536a4bb67b6998f2,119,1005,518SanAndresXalostoc,83
613f630f536a4bb67b6998f3,338,1003,519TLCVillaVictoria,105
613f630f536a4bb67b6998f4,477,1000,520MelchorOcampo,34
613f630f536a4bb67b6998f5,451,1003,521TLCElCerrillo,70
613f630f536a4bb67b6998f6,465,1008,522PUETexmelucan,91
613f630f536a4bb67b6998f7,320,1008,524TLXZacatelco,76
613f630f536a4bb67b6998f8,341,1009,525RioPapaloapan,95
613f630f536a4bb67b6998f9,297,1002,526LaBlanca,85
613f630f536a4bb67b6998fa,220,1003,527TLCCacalomacan,105
613f630f536a4bb67b6998fb,362,1000,528SantaTeresaVI,34
613f630f536a4bb67b6998fc,149,1007,529QROEzequielMontes,63
613f630f536a4bb67b6998fd,450,1007,530MCHMaravatio,101
613f630f536a4bb67b6998fe,390,1002,531FederalBurocratic,32
613f630f536a4bb67b6998ff,461,1007,532QROSanJuandelRio,63
613f630f536a4bb67b699900,383,1003,533TLCSanPTlaltizapa,70
613f630f536a4bb67b699901,356,1003,534TLCSanAndresCuexc,70
613f630f536a4bb67b699902,179,1004,535MORAntonioBarona2,81
613f630f536a4bb67b699903,271,1005,536SanMiguelXalostoc,96
613f630f536a4bb67b699904,497,1005,537PUEHuauchinango,46
613f630f536a4bb67b699905,211,1000,539HGOAtotonilcoTula,104
613f630f536a4bb67b699906,376,1009,540Ozumbilla,90
613f630f536a4bb67b699907,334,1005,541SanLuis,96
613f630f536a4bb67b699908,316,1004,542MorPuentedeIxtla,69
613f630f536a4bb67b699909,427,1006,543Calle4,87
613f630f536a4bb67b69990a,431,1005,544Acolman,96
613f630f536a4bb67b69990b,0,1001,545ChicoloapanJCantu,101
613f630f536a4bb67b69990c,458,1001,546ChalcoCuitlahuac,94
613f630f536a4bb67b69990d,502,1004,547MorTresdeMayoII,81
613f630f536a4bb67b69990e,229,1005,548HGOTulancingoCent,46
613f630f536a4bb67b69990f,482,1005,549Tamazula,83
613f630f536a4bb67b699910,211,1000,550HGOAtitalaquia,104
613f630f536a4bb67b699911,313,1001,551ChalcoDivisionNte,94
613f630f536a4bb67b699912,291,1001,553Atlazalpan,94
613f630f536a4bb67b699913,179,1004,554MorChamilpa,81
613f630f536a4bb67b699914,269,1009,555HGOZacualtipan,89
613f630f536a4bb67b699915,403,1001,556MexicoLindo,102
613f630f536a4bb67b699916,467,1000,558HaciendaXalpa,34
613f630f536a4bb67b699917,362,1000,559Coyotepec,34
613f630f536a4bb67b699918,378,1009,560Acuales,90
613f630f536a4bb67b699919,172,1001,561Dibujantes,102
613f630f536a4bb67b69991a,117,1003,562BenitoJuarez,32
613f630f536a4bb67b69991b,418,1003,564TLCIxtlahuaca,105
613f630f536a4bb67b69991c,338,1003,565TLCCieneguillas,105
613f630f536a4bb67b69991d,0,1001,566TLXTeolocholco,101
613f630f536a4bb67b69991e,58,1002,567Caracoles2,85
613f630f536a4bb67b69991f,229,1005,568PUENuevoNecaxa,46
613f630f536a4bb67b699920,136,1004,569GROBuenavdcuellar,66
613f630f536a4bb67b699921,218,1004,570MorXoxocotla2,69
613f630f536a4bb67b699922,502,1004,571MorProhogar,81
613f630f536a4bb67b699923,120,1002,573LeonCavallo,92
613f630f536a4bb67b699924,149,1007,574QROTequisquiapan,63
613f630f536a4bb67b699925,273,1002,575Cedros,92
613f630f536a4bb67b699926,120,1002,576Oriente91,92
613f630f536a4bb67b699927,420,1009,577HGOVillaTezontepe,89
613f630f536a4bb67b699928,292,1000,578Acambay,104
613f630f536a4bb67b699929,484,1009,579Lomerio,90
613f630f536a4bb67b69992a,149,1007,580QroCadereyta,63
613f630f536a4bb67b69992b,239,1000,581HGOZimapan,34
613f630f536a4bb67b69992c,472,1004,582MorAltavista2,81
613f630f536a4bb67b69992d,195,1003,583TLCZolotepec,20
613f630f536a4bb67b69992e,310,1004,584MORVilladelasflor,69
613f630f536a4bb67b69992f,310,1004,585MORTemixco2,69
613f630f536a4bb67b699930,423,1001,586SotoyGama2,94
613f630f536a4bb67b699931,157,1002,587LasTorres,85
613f630f536a4bb67b699932,54,1002,588Ticoman2,32
613f630f536a4bb67b699933,288,1001,589SanVicente3,102
613f630f536a4bb67b699934,58,1002,590LaBrecha,85
613f630f536a4bb67b699935,177,1009,591HGOFdezdeLizardi,89
613f630f536a4bb67b699936,371,1008,592PUEGuadalupeHidal,91
613f630f536a4bb67b699937,345,1000,593HGOTlahuelilpan,34
613f630f536a4bb67b699938,246,1002,594SanMiguelXochiman,32
613f630f536a4bb67b699939,376,1009,595CapillaOjoDeAgua,90
613f630f536a4bb67b69993a,179,1004,596MorCruceroGaleana,81
613f630f536a4bb67b69993b,340,1001,597IxtapalucaAMazo2,94
613f630f536a4bb67b69993c,368,1001,598SanSebastian,94
613f630f536a4bb67b69993d,11,1001,599Tizapan,21
613f630f536a4bb67b69993e,78,1007,600QROElTepetate,86
613f630f536a4bb67b69993f,267,1007,601QROLaNegreta,63
613f630f536a4bb67b699940,370,1003,602TLCSanLucasTunco,70
613f630f536a4bb67b699941,295,1003,604TLCSanCuaxuxtenco,70
613f630f536a4bb67b699942,369,1001,606ValleReyes3,102
613f630f536a4bb67b699943,421,1005,607Urano,83
613f630f536a4bb67b699944,484,1009,609MorelosCoacalco,90
613f630f536a4bb67b699945,408,1000,610NicolasRCentro,104
613f630f536a4bb67b699946,218,1004,611MorNuevaMorelos,69
613f630f536a4bb67b699947,229,1005,612HGOAcatlan,46
613f630f536a4bb67b699948,396,1004,613MORTepepa,81
613f630f536a4bb67b699949,414,1004,614MORAtlacomulco,81
613f630f536a4bb67b69994a,436,1007,615QROColon,63
613f630f536a4bb67b69994b,461,1007,616QROPedregoso,63
613f630f536a4bb67b69994c,393,1006,617Mixtecas2,88
613f630f536a4bb67b69994d,482,1005,619SanFelipedeJesus,83
613f630f536a4bb67b69994e,347,1004,620MORAxochiapan,69
613f630f536a4bb67b69994f,266,1004,621MorOtilioMontano,81
613f630f536a4bb67b699950,162,1005,624HGOHueytlalpan,46
613f630f536a4bb67b699951,119,1005,625CaminoSanAndres,83
613f630f536a4bb67b699952,219,1009,626StaMaAjoloapan,90
613f630f536a4bb67b699953,380,1000,627Jilotepec,104
613f630f536a4bb67b699954,491,1009,628HGOSantaJulia,89
613f630f536a4bb67b699955,273,1002,629Pensil2,92
613f630f536a4bb67b699956,288,1001,630CostitlanIV,102
613f630f536a4bb67b699957,350,1001,631Acuautla,94
613f630f536a4bb67b699958,490,1004,632MorCaez,81
613f630f536a4bb67b699959,451,1003,633TLCLaCrespa,70
613f630f536a4bb67b69995a,268,1004,634MORSantaRosa30,69
613f630f536a4bb67b69995b,414,1004,635MORTlahuapan,81
613f630f536a4bb67b69995c,222,1003,636TLCTenancingo2,70
613f630f536a4bb67b69995d,334,1005,637Maquixco,96
613f630f536a4bb67b69995e,229,1005,638HGOAcaxochitlan,46
613f630f536a4bb67b69995f,432,1007,639QROElRocio,86
613f630f536a4bb67b699960,78,1007,640QROStaRJauregui2,86
613f630f536a4bb67b699961,378,1009,641VilladelasFlores,90
613f630f536a4bb67b699962,267,1007,642QROPueblito,63
613f630f536a4bb67b699963,157,1002,643IsidroFabela,85
613f630f536a4bb67b699964,340,1001,644UnionCampesina,94
613f630f536a4bb67b699965,266,1004,645MorVicenteGuerrer,81
613f630f536a4bb67b699966,220,1003,646TLCSanMOxtotitlan,105
613f630f536a4bb67b699967,334,1005,647Axapusco,96
613f630f536a4bb67b699968,321,1004,648TenangodelAire,81
613f630f536a4bb67b699969,291,1001,649Temamatla,94
613f630f536a4bb67b69996a,251,1001,650Artesanos,102
613f630f536a4bb67b69996b,179,1004,651MorNuevaInglaterr,81
613f630f536a4bb67b69996c,267,1007,652QROMercadoEscobed,63
613f630f536a4bb67b69996d,144,1009,653HGOTizayuca2,90
613f630f536a4bb67b69996e,242,1000,654Amaranto,34
613f630f536a4bb67b69996f,107,1001,655PuebloNuevo,94
613f630f536a4bb67b699970,433,1006,657Sur8,87
613f630f536a4bb67b699971,416,1001,658AmadoNervo,102
613f630f536a4bb67b699972,485,1006,659Imprenta,103
613f630f536a4bb67b699973,264,1006,660Sur128,88
613f630f536a4bb67b699974,481,1007,661GTOMercadoDorado,86
613f630f536a4bb67b699975,335,1000,662TlazaladeFabela,104
613f630f536a4bb67b699976,316,1004,663GROIgualaGaleana,69
613f630f536a4bb67b699977,249,1001,664Avandaro,94
613f630f536a4bb67b699978,316,1004,665GROIgualaTerminal,69
613f630f536a4bb67b699979,348,1007,666MCHCdHidalgo1,101
613f630f536a4bb67b69997a,181,1000,6675deMayoTecamac,30
613f630f536a4bb67b69997b,449,1006,668Misioneros,103
613f630f536a4bb67b69997c,449,1006,670RoaBarcenas,103
613f630f536a4bb67b69997d,464,1002,671SanLucasTepetlaca,32
613f630f536a4bb67b69997e,430,1005,672MartinCarrera2,83
613f630f536a4bb67b69997f,134,1000,673HGOTlaxcoapan,34
613f630f536a4bb67b699980,207,1002,674Claveria,92
613f630f536a4bb67b699981,435,1003,675TLCSanBartolome,70
613f630f536a4bb67b699982,487,1000,676StaMariaLasTorres,34
613f630f536a4bb67b699983,383,1003,677TLCAlmoloyadelrio,70
613f630f536a4bb67b699984,223,1007,678MCHZitacuaro,101
613f630f536a4bb67b699985,438,1006,679FranciscoVilla,87
613f630f536a4bb67b699986,168,1004,680MORYecapixtla,81
613f630f536a4bb67b699987,416,1001,681Palmas,102
613f630f536a4bb67b699988,501,1004,682GROHuitzuco,69
613f630f536a4bb67b699989,445,1004,683MORYautepec,81
613f630f536a4bb67b69998a,268,1004,684MORZacatepec,69
613f630f536a4bb67b69998b,367,1006,685LomasDeLaEra,88
613f630f536a4bb67b69998c,98,1001,686ArcaDeNoe,102
613f630f536a4bb67b69998d,362,1000,687Coyotepec2,34
613f630f536a4bb67b69998e,292,1000,688AculcoCasaCultura,104
613f630f536a4bb67b69998f,334,1005,689Tlalmimilolpan,96
613f630f536a4bb67b699990,366,1006,690Chicoasen,88
613f630f536a4bb67b699991,455,1006,691SantaMariaRibera,103
613f630f536a4bb67b699992,480,1003,692SanJoselosCedros,70
613f630f536a4bb67b699993,223,1007,693MCHTuxpan,101
613f630f536a4bb67b699994,474,1009,694HGOAvUniversidad,89
613f630f536a4bb67b699995,155,1008,695PUEIzucarCentro,91
613f630f536a4bb67b699996,460,1006,696Selene,87
613f630f536a4bb67b699997,429,1005,697Tezoyuca2,96
613f630f536a4bb67b699998,97,1009,698Acozac2,90
613f630f536a4bb67b699999,98,1001,699SanJose,102
613f630f536a4bb67b69999a,249,1001,700SantiagoAguilar,94
613f630f536a4bb67b69999b,471,1004,701MorCuautlaCatalan,81
613f630f536a4bb67b69999c,438,1006,702Terremotes,87
613f630f536a4bb67b69999d,378,1009,703ResidenCoacalco,90
613f630f536a4bb67b69999e,436,1007,704QROPedroEscobedo,63
613f630f536a4bb67b69999f,222,1003,705TLCIxtapandelaSal,70
613f630f536a4bb67b6999a0,367,1006,706HeronProal,88
613f630f536a4bb67b6999a1,425,1003,707TLCValledeBravo,105
613f630f536a4bb67b6999a2,451,1003,708TLCSanPedroTotolt,70
613f630f536a4bb67b6999a3,321,1004,709Atlautla,81
613f630f536a4bb67b6999a4,488,1009,710CampinadeAragon,95
613f630f536a4bb67b6999a5,152,1000,711Ejidos,30
613f630f536a4bb67b6999a6,363,1009,712HGOActopanCentro,89
613f630f536a4bb67b6999a7,304,1007,713QROJauregui,86
613f630f536a4bb67b6999a8,355,1003,714TLCTenango2,70
613f630f536a4bb67b6999a9,345,1000,715HGOMixquiahuala2,34
613f630f536a4bb67b6999aa,361,1000,716ElRosario,104
613f630f536a4bb67b6999ab,490,1004,717MorChiconcuac,81
613f630f536a4bb67b6999ac,504,1001,718Flamingos,102
613f630f536a4bb67b6999ad,494,1002,719Durango,85
613f630f536a4bb67b6999ae,5,1002,720LaPastora,92
613f630f536a4bb67b6999af,163,1001,722Hopelchen,21
613f630f536a4bb67b6999b0,434,1006,723Apaches,88
613f630f536a4bb67b6999b1,396,1004,725MORVilladeAyala,81
613f630f536a4bb67b6999b2,429,1005,726HGOCuautepec,96
613f630f536a4bb67b6999b3,359,1000,727ZumpangoSnMiguel,34
613f630f536a4bb67b6999b4,155,1008,728PUEAtlixco,91
613f630f536a4bb67b6999b5,472,1004,730MORLagunilla,81
613f630f536a4bb67b6999b6,435,1003,731TLCSnFelipeTlalmi,70
613f630f536a4bb67b6999b7,177,1009,732HGO12deOctubre,89
613f630f536a4bb67b6999b8,296,1001,733GlorietaPetroleos,102
613f630f536a4bb67b6999b9,382,1002,734SanLucasPatoni,85
613f630f536a4bb67b6999ba,248,1001,735Granada,94
613f630f536a4bb67b6999bb,456,1000,736NicolasRomero7,104
613f630f536a4bb67b6999bc,77,1008,738PUEChignahuapan,91
613f630f536a4bb67b6999bd,462,1006,739MagdalenaPetlacal,88
613f630f536a4bb67b6999be,264,1006,740Presidentes,88
613f630f536a4bb67b6999bf,283,1006,741MiguelAngelQueved,88
613f630f536a4bb67b6999c0,340,1001,742TierrayLibertad,94
613f630f536a4bb67b6999c1,250,1006,743NuevoLeon,88
613f630f536a4bb67b6999c2,347,1004,744MORAmayuca,69
613f630f536a4bb67b6999c3,85,1000,745TultepecCentro,34
613f630f536a4bb67b6999c4,351,1009,746HGOGeovillas,90
613f630f536a4bb67b6999c5,379,1003,747TLCJoquicingo,70
613f630f536a4bb67b6999c6,457,1003,748TLCSlmextepec,105
613f630f536a4bb67b6999c7,482,1005,749VascodeQuiroga,83
613f630f536a4bb67b6999c8,397,1006,750Narvarte,103
613f630f536a4bb67b6999c9,396,1004,751MORTenextepango,81
613f630f536a4bb67b6999ca,225,1008,752Apizaco,98
613f630f536a4bb67b6999cb,219,1009,753SantaMaria,90
613f630f536a4bb67b6999cc,380,1000,754HGOTepejideOcampo,104
613f630f536a4bb67b6999cd,157,1002,755LaConsolidada,85
613f630f536a4bb67b6999ce,309,1008,756PUELibres,98
613f630f536a4bb67b6999cf,465,1008,757PUETexmelucan2,91
613f630f536a4bb67b6999d0,469,1003,758TLCSantiaMiltepec,105
613f630f536a4bb67b6999d1,314,1008,759PUETepeaca,76
613f630f536a4bb67b6999d2,223,1007,760MCHJungapeo,101
613f630f536a4bb67b6999d3,439,1006,761Doctores,103
613f630f536a4bb67b6999d4,259,1003,762TLCTianguistenco2,70
613f630f536a4bb67b6999d5,119,1005,763SanPedroXalostoc,83
613f630f536a4bb67b6999d6,464,1002,764LosArcos2,32
613f630f536a4bb67b6999d7,149,1007,765QROEzequielMont2,63
613f630f536a4bb67b6999d8,399,1000,766HGOAlfajayucan,34
613f630f536a4bb67b6999d9,432,1007,767QROElTintero,86
613f630f536a4bb67b6999da,394,1005,769PUEXicotepec,46
613f630f536a4bb67b6999db,387,1004,770MORCivac,81
613f630f536a4bb67b6999dc,387,1004,771MORUnidadMorelos,81
613f630f536a4bb67b6999dd,264,1006,772AvJalisco,88
613f630f536a4bb67b6999de,249,1001,773Arbolada,94
613f630f536a4bb67b6999df,340,1001,774Floresta,94
613f630f536a4bb67b6999e0,356,1003,775TLCMiguelBalderas,70
613f630f536a4bb67b6999e1,273,1002,776NvaSantaMaria2,92
613f630f536a4bb67b6999e2,218,1004,777MORTehuixtla,69
613f630f536a4bb67b6999e3,219,1009,778Zacacalco,90
613f630f536a4bb67b6999e4,315,1009,779Encino,95
613f630f536a4bb67b6999e5,493,1000,780AuroraCuautitlan,104
613f630f536a4bb67b6999e6,448,1002,781SanJuanTlihuaca,92
613f630f536a4bb67b6999e7,242,1000,782SantaTeresa4,34
613f630f536a4bb67b6999e8,402,1001,783HeroesChalco,94
613f630f536a4bb67b6999e9,54,1002,784Cardenales,32
613f630f536a4bb67b6999ea,498,1005,785HGOTulangoJuarez,46
613f630f536a4bb67b6999eb,283,1006,786Alamos,88
613f630f536a4bb67b6999ec,16,1001,787Canteros,102
613f630f536a4bb67b6999ed,440,1003,788TLCSMateoAtenco3,70
613f630f536a4bb67b6999ee,497,1005,789PUEHuauchinango2,46
613f630f536a4bb67b6999ef,493,1000,790TultitlanPoniente,104
613f630f536a4bb67b6999f0,402,1001,791HeroesChalcoII,94
613f630f536a4bb67b6999f1,71,1001,792Agricultura,94
613f630f536a4bb67b6999f2,399,1000,793HGOProgreso,34
613f630f536a4bb67b6999f3,462,1006,794StoTomasAjuscoII,88
613f630f536a4bb67b6999f4,304,1007,795GTOSnMiguelAllend,86
613f630f536a4bb67b6999f5,304,1007,796GTOSnJoseIturbide,86
613f630f536a4bb67b6999f6,397,1006,797Condesa,103
613f630f536a4bb67b6999f7,218,1004,798MORMiacatlan,69
613f630f536a4bb67b6999f8,310,1004,799MORAltaPalmira,69
613f630f536a4bb67b6999f9,136,1004,800MORJojutla2,66
613f630f536a4bb67b6999fa,469,1003,801TLCTemoaya,105
613f630f536a4bb67b6999fb,414,1004,802MORJiutepec2,81
613f630f536a4bb67b6999fc,467,1000,803HuehuetocaCalvari,34
613f630f536a4bb67b6999fd,370,1003,804TLCMetepec,70
613f630f536a4bb67b6999fe,246,1002,806Huixquilucan,32
613f630f536a4bb67b6999ff,163,1001,808OlivardelConde,21
613f630f536a4bb67b699a00,459,1001,809AguaAzul,102
613f630f536a4bb67b699a01,324,1002,810SanMateoNopala,32
613f630f536a4bb67b699a02,375,1000,811Galeana,34
613f630f536a4bb67b699a03,330,1006,813ManuelCanas,87
613f630f536a4bb67b699a04,348,1007,814MCHCdHidalgo3,101
613f630f536a4bb67b699a05,315,1009,815LaJoya,95
613f630f536a4bb67b699a06,483,1000,816StaCruzMonte,34
613f630f536a4bb67b699a07,370,1003,817TLCLapilita,70
613f630f536a4bb67b699a08,490,1004,818MORAcatlipa,81
613f630f536a4bb67b699a09,306,1005,819Tocuila,96
613f630f536a4bb67b699a0a,347,1004,820MORAxochiapanProg,69
613f630f536a4bb67b699a0b,316,1004,821MORPuentedeIxtla2,69
613f630f536a4bb67b699a0c,271,1005,822LomasdeCristo,96
613f630f536a4bb67b699a0d,259,1003,823TLCSTianguis3,70
613f630f536a4bb67b699a0e,412,1007,824FNQIxtlan,86
613f630f536a4bb67b699a0f,271,1005,825Texcococentro,96
613f630f536a4bb67b699a10,253,1001,826Guerrerochalco,94
613f630f536a4bb67b699a11,359,1000,827Zumpango3,34
613f630f536a4bb67b699a12,223,1007,828MCHIrimbo,101
613f630f536a4bb67b699a13,478,1006,829Culhuacan,88
613f630f536a4bb67b699a14,311,1008,830TLXSanPablodelMon,76
613f630f536a4bb67b699a15,268,1004,831MORZacatepecviach,69
613f630f536a4bb67b699a16,481,1007,832GTOMercadoCanitos,86
613f630f536a4bb67b699a17,408,1000,833Cuautitlan3,104
613f630f536a4bb67b699a18,361,1000,834PlandeGuadalupe,104
613f630f536a4bb67b699a19,485,1006,835VidalAlcocer,103
613f630f536a4bb67b699a1a,435,1003,836TLCTerminal,70
613f630f536a4bb67b699a1b,355,1003,837TLCTenancingo3,70
613f630f536a4bb67b699a1c,184,1003,838TLCNativitas,20
613f630f536a4bb67b699a1d,357,1003,839TLCZinacantepec2,105
613f630f536a4bb67b699a1e,334,1005,840Otumba2,96
613f630f536a4bb67b699a1f,447,1002,841Chamapa2,32
613f630f536a4bb67b699a20,457,1003,842TLCTlalcilacalli,105
613f630f536a4bb67b699a21,420,1009,843HGOHdasTizayuca,89
613f630f536a4bb67b699a22,404,1000,844Teoloyucan3,34
613f630f536a4bb67b699a23,350,1001,845HeroesIxtapaluca,94
613f630f536a4bb67b699a24,218,1004,846MORXochitepec,69
613f630f536a4bb67b699a25,312,1004,847Tepetlixpa,81
613f630f536a4bb67b699a26,306,1005,848SanBernardino,96
613f630f536a4bb67b699a27,338,1003,849TLCSanBartoloMore,105
613f630f536a4bb67b699a28,253,1001,850Texcaltlipocatl,94
613f630f536a4bb67b699a29,270,1007,851GTOSnMiguelOctopa,86
613f630f536a4bb67b699a2a,424,1000,852HGOTulaCentro,104
613f630f536a4bb67b699a2b,270,1007,853GTOApaseoElGde,86
613f630f536a4bb67b699a2c,484,1009,854Fortuna,90
613f630f536a4bb67b699a2d,308,1002,855CuautepecBarrioBa,85
613f630f536a4bb67b699a2e,77,1008,856PUETeteladeOcampo,91
613f630f536a4bb67b699a2f,375,1000,857VillaEsmeralda,34
613f630f536a4bb67b699a30,315,1009,858EcatepecCentro,95
613f630f536a4bb67b699a31,225,1008,859TLXCalpulalpanCen,98
613f630f536a4bb67b699a32,477,1000,860JoyasCuautitlan,34
613f630f536a4bb67b699a33,157,1002,863Fresnos,85
613f630f536a4bb67b699a34,379,1003,864TLCSanDimas,70
613f630f536a4bb67b699a35,304,1007,865GTOEmpalmeEsco,86
613f630f536a4bb67b699a36,331,1001,866Orfebres,102
613f630f536a4bb67b699a37,465,1008,867PUE5Norte,91
613f630f536a4bb67b699a38,370,1003,868TLCSanPedroTultep,70
613f630f536a4bb67b699a39,223,1007,869MCHOcampo,101
613f630f536a4bb67b699a3a,431,1005,870Teotihuacan2,96
613f630f536a4bb67b699a3b,227,1003,871TLCZacualpan,105
613f630f536a4bb67b699a3c,425,1003,872TLCValledeBravo2,105
613f630f536a4bb67b699a3d,227,1003,873TLCHeroesTol,105
613f630f536a4bb67b699a3e,418,1003,874TLCIxtlahuaca2,105
613f630f536a4bb67b699a3f,271,1005,875Tulantongo,96
613f630f536a4bb67b699a40,361,1000,876Tepojaco,104
613f630f536a4bb67b699a41,358,1004,877Jojutla3,69
613f630f536a4bb67b699a42,314,1008,878PUEAcatzingo,76
613f630f536a4bb67b699a43,310,1004,879MORCampoVerde,69
613f630f536a4bb67b699a44,168,1004,880MORTotolapan,81
613f630f536a4bb67b699a45,179,1004,881MORUniverso,81
613f630f536a4bb67b699a46,291,1001,882Ayotzingo,94
613f630f536a4bb67b699a47,174,1000,883Atlanta,30
613f630f536a4bb67b699a48,399,1000,884HGOTepatepec2,34
613f630f536a4bb67b699a49,351,1009,885HGOTizayucaCentro,90
613f630f536a4bb67b699a4a,315,1009,886FtesSanCristobal,95
613f630f536a4bb67b699a4b,354,1006,887Tulyehualco3,87
613f630f536a4bb67b699a4c,367,1006,888Sanbernabe,88
613f630f536a4bb67b699a4d,471,1004,891MORTilzapotla,81
613f630f536a4bb67b699a4e,273,1002,892AvenidaGranjas,92
613f630f536a4bb67b699a4f,101,1005,893HGOCdSahagun2,96
613f630f536a4bb67b699a50,416,1001,894MagdalenaAtlicpac,102
613f630f536a4bb67b699a51,270,1007,895GTOApaseoAlto,86
613f630f536a4bb67b699a52,369,1001,896Calle5deMayo,102
613f630f536a4bb67b699a53,220,1003,897TLCStaMaDelMonte,105
613f630f536a4bb67b699a54,312,1004,898Juchitepec,81
613f630f536a4bb67b699a55,107,1001,899Tlalmanalco,94
613f630f536a4bb67b699a56,71,1001,900SanAntonioIxtapal,94
613f630f536a4bb67b699a57,251,1001,901Acuitlapilco2,102
613f630f536a4bb67b699a58,484,1009,902ProgresoEcatepec,90
613f630f536a4bb67b699a59,373,1008,903PUESanSalvador,76
613f630f536a4bb67b699a5a,499,1008,904PUEAcajete,76
613f630f536a4bb67b699a5b,168,1004,905MORBurgos,81
613f630f536a4bb67b699a5c,179,1004,906MORSantaMaria,81
613f630f536a4bb67b699a5d,225,1008,907TLXSantaAna2,98
613f630f536a4bb67b699a5e,404,1000,908Teoloyucan4,34
613f630f536a4bb67b699a5f,157,1002,909LaBlanca2,85
613f630f536a4bb67b699a60,476,1000,910Tepotzotlan4,104
613f630f536a4bb67b699a61,425,1003,911TLCColorines,105
613f630f536a4bb67b699a62,450,1007,912MCHMaravatio2,101
613f630f536a4bb67b699a63,483,1000,913SantaRosaIzcalli,34
613f630f536a4bb67b699a64,259,1003,914TLCSanMiguelChapu,70
613f630f536a4bb67b699a65,428,1009,915HGOZempoala2,89
613f630f536a4bb67b699a66,450,1007,916GTOSalvatierra,101
613f630f536a4bb67b699a67,433,1006,917SurDiesciseis2,87
613f630f536a4bb67b699a68,474,1009,918HGONopancalco,89
613f630f536a4bb67b699a69,474,1009,919HGOSanCayetano,89
613f630f536a4bb67b699a6a,256,1002,920LasHuertas3,32
613f630f536a4bb67b699a6b,457,1003,921TLCLaLoma,105
613f630f536a4bb67b699a6c,206,1009,922HeroesEcatepec,95
613f630f536a4bb67b699a6d,455,1006,923SanCosme,103
613f630f536a4bb67b699a6e,157,1002,924Tequexquinahuac,85
613f630f536a4bb67b699a6f,402,1001,925Tlapala,94
613f630f536a4bb67b699a70,259,1003,926TLCLerma,70
613f630f536a4bb67b699a71,410,1007,927QROPiramides,86
613f630f536a4bb67b699a72,211,1000,928HGOAtitalaquia2,104
613f630f536a4bb67b699a73,0,1008,929Cocotitlan,101
613f630f536a4bb67b699a74,408,1000,930Cuautitlan4,104
613f630f536a4bb67b699a75,78,1007,931GTOTarimoro,86
613f630f536a4bb67b699a76,409,1007,932GTOAcambaro,63
613f630f536a4bb67b699a77,498,1005,933HGOTulantepec,46
613f630f536a4bb67b699a78,266,1004,934MORSantaMartha,81
613f630f536a4bb67b699a79,490,1004,935MOREmilianoZapata,81
613f630f536a4bb67b699a7a,311,1008,936PUEVIstadelValle,76
613f630f536a4bb67b699a7b,225,1008,937TLXXaloztoc,98
613f630f536a4bb67b699a7c,504,1001,938JuanEscutia2,102
613f630f536a4bb67b699a7d,283,1006,939CerrodelaEstrella,88
613f630f536a4bb67b699a7e,354,1006,940Tulyehualco4,87
613f630f536a4bb67b699a7f,383,1003,941TLCStCruzAtizapan,70
613f630f536a4bb67b699a80,453,1009,942Tulpetlac2,95
613f630f536a4bb67b699a81,421,1005,943Estrella,83
613f630f536a4bb67b699a82,356,1003,944TLCSanPabloAutopa,70
613f630f536a4bb67b699a83,439,1006,945Obrera,103
613f630f536a4bb67b699a84,97,1009,946SantaInes,90
613f630f536a4bb67b699a85,432,1007,947QROPlateros,86
613f630f536a4bb67b699a86,77,1008,948PUEChignauapan2,91
613f630f536a4bb67b699a87,351,1009,949HGOHeroesTizayuca,90
613f630f536a4bb67b699a88,411,1006,950Coruna,103
613f630f536a4bb67b699a89,292,1000,951Polotitlan,104
613f630f536a4bb67b699a8a,162,1005,952HGOTulancingo3,46
613f630f536a4bb67b699a8b,118,1001,953SanVicenteCentro,102
613f630f536a4bb67b699a8c,250,1006,954SantaCruzXochitep,88
613f630f536a4bb67b699a8d,155,1008,955PUEIzucarCentro2,91
613f630f536a4bb67b699a8e,491,1009,956HGOAcayuca,89
613f630f536a4bb67b699a8f,121,1003,957TLCAtlacomulco2,105
613f630f536a4bb67b699a90,148,1001,958Abulon,21
613f630f536a4bb67b699a91,455,1006,959Guerrero,103
613f630f536a4bb67b699a92,98,1001,960EjidalSantaMartha,102
613f630f536a4bb67b699a93,426,1003,961TLCZacazonapan,105
613f630f536a4bb67b699a94,388,1008,962PueLaLibertad,98
613f630f536a4bb67b699a95,41,1008,963PUEXochimehuacan,76
613f630f536a4bb67b699a96,445,1004,964MORYautepec2,81
613f630f536a4bb67b699a97,270,1007,965GTOBalvanera,86
613f630f536a4bb67b699a98,378,1009,966RealTultepec,90
613f630f536a4bb67b699a99,450,1007,969MCHZinapecuaro,101
613f630f536a4bb67b699a9a,451,1003,970TLCSMOtzacatipan,70
613f630f536a4bb67b699a9b,431,1005,971Chiconcuac,96
613f630f536a4bb67b699a9c,162,1005,972HGOTulancingo4,46
613f630f536a4bb67b699a9d,278,1003,973TLCXonacatlan3,105
613f630f536a4bb67b699a9e,264,1006,974LaMexicana,88
613f630f536a4bb67b699a9f,278,1003,975TLCAtarasquillo2,105
613f630f536a4bb67b699aa0,371,1008,976PUEHuejotzingo2,91
613f630f536a4bb67b699aa1,382,1002,977Toltecas,85
613f630f536a4bb67b699aa2,416,1001,978Chimalpa,102
613f630f536a4bb67b699aa3,120,1002,979Esterlinas,92
613f630f536a4bb67b699aa4,97,1009,980SnPabloSalinas,90
613f630f536a4bb67b699aa5,304,1007,981GTOSnJuanVega,86
613f630f536a4bb67b699aa6,400,1007,982GTORinconTamayo,86
613f630f536a4bb67b699aa7,71,1001,983ElPino,94
613f630f536a4bb67b699aa8,310,1004,984MORGuadalupe,69
613f630f536a4bb67b699aa9,155,1008,985PUEAcatlan,91
613f630f536a4bb67b699aaa,368,1001,986Aztahuacan,94
613f630f536a4bb67b699aab,192,1006,987Topilejo2,88
613f630f536a4bb67b699aac,436,1007,988QROToliman,63
613f630f536a4bb67b699aad,409,1007,989QROHuimilpan,63
613f630f536a4bb67b699aae,409,1007,990GTOCoroneo,63
613f630f536a4bb67b699aaf,492,1000,991MercadoLibre,104
613f630f536a4bb67b699ab0,0,1000,992MercadoLibre2,101
613f630f536a4bb67b699ab1,0,1001,997CEPACSA,101
613f630f536a4bb67b699ab2,8,1002,998Virtualx,13
613f630f536a4bb67b699ab3,0,1000,999Oficina2x,101
613f630f536a4bb67b699ab4,394,1005,1100PUEXicotepec2,46
613f630f536a4bb67b699ab5,453,1009,1101CircunvalSur,95
613f630f536a4bb67b699ab6,483,1000,1102Coyotepec3,34
613f630f536a4bb67b699ab7,121,1003,1103TLCAtlacomulco3,105
613f630f536a4bb67b699ab8,475,1008,1104VerOrizaba1,76
613f630f536a4bb67b699ab9,155,1008,1105TLXContla,91
613f630f536a4bb67b699aba,471,1004,1106MORMercadonuevo,81
613f630f536a4bb67b699abb,420,1009,1107HGOTizayucaOlmos,89
613f630f536a4bb67b699abc,267,1007,1108QROStaBarbara,63
613f630f536a4bb67b699abd,487,1000,1109BuenavistaAmpl,34
613f630f536a4bb67b699abe,439,1006,1110DrDuran,103
613f630f536a4bb67b699abf,77,1008,1111PUEZacatlan2,91
613f630f536a4bb67b699ac0,418,1003,1112TLCIxtlahuaca3,105
613f630f536a4bb67b699ac1,409,1007,1113GTOAcambaro2,63
613f630f536a4bb67b699ac2,348,1007,1114MCHCdHidalgo4,101
613f630f536a4bb67b699ac3,162,1005,1115HGOTulancingo5,46
613f630f536a4bb67b699ac4,397,1006,1116AbrahamGonzalez,103
613f630f536a4bb67b699ac5,207,1002,1117Tacuba2,92
613f630f536a4bb67b699ac6,359,1000,1118PaseosdelLago,34
613f630f536a4bb67b699ac7,242,1000,1119HGOBicentenario,34
613f630f536a4bb67b699ac8,304,1007,1120QROJuarez,86
613f630f536a4bb67b699ac9,439,1006,1121Obrera2,103
613f630f536a4bb67b699aca,480,1003,1122Stim,70
613f630f536a4bb67b699acb,460,1006,1123EstebanChavero,87
613f630f536a4bb67b699acc,451,1003,1124TLCCeboruco,70
613f630f536a4bb67b699acd,225,1008,1125TLXCalpulalpan3,98
613f630f536a4bb67b699ace,77,1008,1126PUEZacatlan3,91
613f630f536a4bb67b699acf,219,1009,1127LaEsmerlada,90
613f630f536a4bb67b699ad0,270,1007,1128GTOJaralProgreso,86
613f630f536a4bb67b699ad1,460,1006,1129Larondalla,87
613f630f536a4bb67b699ad2,313,1001,1130Nogal,94
613f630f536a4bb67b699ad3,434,1006,1131Arneses,88
613f630f536a4bb67b699ad4,295,1003,1132TLCIxtapan2,70
613f630f536a4bb67b699ad5,457,1003,1133TLCAlmoloya2,105
613f630f536a4bb67b699ad6,350,1001,1134HeroesIxtapaluII,94
613f630f536a4bb67b699ad7,474,1009,1135HGOAvFerrocarril,89
613f630f536a4bb67b699ad8,225,1008,1136TLXTlaxco,98
613f630f536a4bb67b699ad9,487,1000,1137Tepalcapa,34
613f630f536a4bb67b699ada,450,1007,1138GTOUriangato,101
613f630f536a4bb67b699adb,482,1005,1139CasasAleman,83
613f630f536a4bb67b699adc,471,1004,1140MORDefensa,81
613f630f536a4bb67b699add,465,1008,1141PUETexmelucan3,91
613f630f536a4bb67b699ade,314,1008,1142PUEXaltepec,76
613f630f536a4bb67b699adf,388,1008,1143PUE16Septiembre,98
613f630f536a4bb67b699ae0,220,1003,1144TLCuauhtenco,105
613f630f536a4bb67b699ae1,352,1002,1145Prohogar2,92
613f630f536a4bb67b699ae2,101,1005,1146HGOApan3,96
613f630f536a4bb67b699ae3,497,1005,1147PUEHuauchinango3,46
613f630f536a4bb67b699ae4,439,1006,1148Garibaldi,103
613f630f536a4bb67b699ae5,381,1006,1149SnLorenzoTezonco,87
613f630f536a4bb67b699ae6,442,1006,1150AntonioSierra,87
613f630f536a4bb67b699ae7,488,1009,1151R12,95
613f630f536a4bb67b699ae8,207,1002,1152Tacuba3,92
613f630f536a4bb67b699ae9,402,1001,1153Cuautzingo,94
613f630f536a4bb67b699aea,432,1007,1154QROLaLuz,86
613f630f536a4bb67b699aeb,149,1007,1155QROEzequielMont3,63
613f630f536a4bb67b699aec,98,1001,1156Olivos,102
613f630f536a4bb67b699aed,118,1001,1157SantaRosaII,102
613f630f536a4bb67b699aee,416,1001,1158Copalera,102
613f630f536a4bb67b699aef,316,1004,1159GROTaxco,69
613f630f536a4bb67b699af0,229,1005,1160PUETenango,46
613f630f536a4bb67b699af1,107,1001,1161Huexoculco,94
613f630f536a4bb67b699af2,271,1005,1162HGOSantaJulia2,96
613f630f536a4bb67b699af3,177,1009,1163HGOAvVeracruz,89
613f630f536a4bb67b699af4,473,1009,1164Jucar,95
613f630f536a4bb67b699af5,455,1006,1165Zarco,103
613f630f536a4bb67b699af6,469,1003,1166TLCTemoaya2,105
613f630f536a4bb67b699af7,410,1007,1167GTOSanLuisPaz,86
613f630f536a4bb67b699af8,436,1007,1168QROPedroEscobed2,63
613f630f536a4bb67b699af9,269,1009,1169HGOMetztitlan,89
613f630f536a4bb67b699afa,363,1009,1170HGOActopan3,89
613f630f536a4bb67b699afb,268,1004,1171MORElMirador,69
613f630f536a4bb67b699afc,475,1008,1172VerOrizaba2,76
613f630f536a4bb67b699afd,481,1007,1173GTOCelayaCentro,86
613f630f536a4bb67b699afe,338,1003,1174TLCVillaAllende2,105
613f630f536a4bb67b699aff,425,1003,1175TLCValleBravo3,105
613f630f536a4bb67b699b00,477,1000,1176SanMateo,34
613f630f536a4bb67b699b01,493,1000,1177SanBlas,104
613f630f536a4bb67b699b02,378,1009,1178CoacalcoCentro,90
613f630f536a4bb67b699b03,464,1002,1179SantaMonica,32
613f630f536a4bb67b699b04,356,1003,1180TLCOcotlan,70
613f630f536a4bb67b699b05,390,1002,1181Country,32
613f630f536a4bb67b699b06,223,1007,1182GTOTarandacuao,101
613f630f536a4bb67b699b07,278,1003,1183TLCOtzolotepec2,105
613f630f536a4bb67b699b08,229,1005,1184HGOJaltepec,46
613f630f536a4bb67b699b09,494,1002,1185Calacoaya,85
613f630f536a4bb67b699b0a,373,1008,1186VerMendoza,76
613f630f536a4bb67b699b0b,373,1008,1187VerMaltrata,76
613f630f536a4bb67b699b0c,400,1007,1188GTOCelayaEjidal,86
613f630f536a4bb67b699b0d,269,1009,1190HGOZacualtipan2,89
613f630f536a4bb67b699b0e,495,1002,1191CalzadaMisterios,85
613f630f536a4bb67b699b0f,250,1006,1192Xochimilco3,88
613f630f536a4bb67b699b10,101,1005,1193Tequisistlan,96
613f630f536a4bb67b699b11,134,1000,1194ZumpangoPalmas,34
613f630f536a4bb67b699b12,357,1003,1195TLCDonatoGuerra2,105
613f630f536a4bb67b699b13,71,1001,1196SantaCatarina,94
613f630f536a4bb67b699b14,354,1006,1198Tlahuac,87
613f630f536a4bb67b699b15,264,1006,1199Tamaulipas,88
613f630f536a4bb67b699b16,371,1008,1200PUECaminoNaciona,91
613f630f536a4bb67b699b17,373,1008,1201PUESerdan,76
613f630f536a4bb67b699b18,414,1004,1202MorCampestre,81
613f630f536a4bb67b699b19,489,1007,1203GTOValleSantiago,86
613f630f536a4bb67b699b1a,351,1009,1204HGOTizayuca4,90
613f630f536a4bb67b699b1b,303,1000,1205HGONopala,104
613f630f536a4bb67b699b1c,206,1009,1206Heroes3,95
613f630f536a4bb67b699b1d,382,1002,1207Tenayuca,85
613f630f536a4bb67b699b1e,391,1009,1208HGOPsoChavarria,89
613f630f536a4bb67b699b1f,391,1009,1209HGOLaProvidencia,89
613f630f536a4bb67b699b20,430,1005,1210LaPradera2,83
613f630f536a4bb67b699b21,459,1001,1211JuarezPantitlan,102
613f630f536a4bb67b699b22,311,1008,1212PUE7Norte,76
613f630f536a4bb67b699b23,16,1001,1213Mohonera,102
613f630f536a4bb67b699b24,313,1001,1214UniondeGuadalupe,94
613f630f536a4bb67b699b25,400,1007,1215GTOCelayaElSauz,86
613f630f536a4bb67b699b26,356,1003,1216TLCZaragoza,70
613f630f536a4bb67b699b27,78,1007,1217GTOIrapGuerrero,86
613f630f536a4bb67b699b28,475,1008,1218VERFortin,76
613f630f536a4bb67b699b29,320,1008,1219TLXZacatelco2,76
613f630f536a4bb67b699b2a,428,1009,1221HGOTuzos,89
613f630f536a4bb67b699b2b,270,1007,1222GTOCortazar,86
613f630f536a4bb67b699b2c,424,1000,1223HGOChapantongo,104
613f630f536a4bb67b699b2d,320,1008,1225TLXMercado,76
613f630f536a4bb67b699b2e,304,1007,1226GTOSnMiguelAlle2,86
613f630f536a4bb67b699b2f,306,1005,1227RealdelValle,96
613f630f536a4bb67b699b30,340,1001,1228ChalcoSanIsidro,94
613f630f536a4bb67b699b31,450,1007,1229MCHQuerendaro,101
613f630f536a4bb67b699b32,358,1004,1230MORElRollo,69
613f630f536a4bb67b699b33,107,1001,1231Cuautlalpan,94
613f630f536a4bb67b699b34,408,1000,1232SantaMaCahuacan,104
613f630f536a4bb67b699b35,239,1000,1233HGOIxmiquilpan2,34
613f630f536a4bb67b699b36,129,1000,1234Jilotzingo,34
613f630f536a4bb67b699b37,144,1009,1235TecamacCentro,90
613f630f536a4bb67b699b38,380,1000,1236Soyaniquilpan,104
613f630f536a4bb67b699b39,446,1008,1237PUEZacapoaxtla,98
613f630f536a4bb67b699b3a,334,1005,1238Nopaltepec,96
613f630f536a4bb67b699b3b,239,1000,1239HGOChilcuautla,34
613f630f536a4bb67b699b3c,480,1003,1240Cuajimalpa,70
613f630f536a4bb67b699b3d,329,1007,1241MCHZinapecuaro2,63
613f630f536a4bb67b699b3e,458,1001,1242ElMarquez,94
613f630f536a4bb67b699b3f,308,1002,1243SanPedroXalpa,85
613f630f536a4bb67b699b40,415,1007,1244QROPaseosMarques,63
613f630f536a4bb67b699b41,229,1005,1245HGONapateco,46
613f630f536a4bb67b699b42,446,1008,1246PUETeziutlan,98
613f630f536a4bb67b699b43,78,1007,1247GTOIrapSolidarid,86
613f630f536a4bb67b699b44,446,1008,1248PUETeziutlan2,98
613f630f536a4bb67b699b45,371,1008,1249PUECocoyotla,91
613f630f536a4bb67b699b46,311,1008,1250PUEMercadoZarago,76
613f630f536a4bb67b699b47,371,1008,1251PUECalpan,91
613f630f536a4bb67b699b48,78,1007,1252QROSanJoseElAlto,86
613f630f536a4bb67b699b49,429,1005,1253Tetexcala,96
613f630f536a4bb67b699b4a,177,1009,1254HGOBarreteros,89
613f630f536a4bb67b699b4b,314,1008,1255PUEPalmarito,76
613f630f536a4bb67b699b4c,155,1008,1256PUESanRamon,91
613f630f536a4bb67b699b4d,311,1008,1257TLXTenancingo,76
613f630f536a4bb67b699b4e,396,1004,1258MORJuanMorales,81
613f630f536a4bb67b699b4f,78,1007,1259GTOIrapStaMonica,86
613f630f536a4bb67b699b50,267,1007,1260QROLomasCasaBlan,63
613f630f536a4bb67b699b51,417,1007,1261GTOSalamSnAntoni,86
613f630f536a4bb67b699b52,383,1003,1262TLCCapulhuac2,70
613f630f536a4bb67b699b53,223,1007,1263MCHSenguio,101
613f630f536a4bb67b699b54,248,1001,1264Citlalli,94
613f630f536a4bb67b699b55,269,1009,1265HGOAtotonilco2,89
613f630f536a4bb67b699b56,331,1001,1266Billares,102
613f630f536a4bb67b699b57,255,1003,1267TLCVillaVictori2,20
613f630f536a4bb67b699b58,429,1005,1268Tepexpan2,96
613f630f536a4bb67b699b59,321,1004,1269AmecaHidalgo,81
613f630f536a4bb67b699b5a,455,1006,1270StaMariaRibera2,103
613f630f536a4bb67b699b5b,448,1002,1271ElTenayo,92
613f630f536a4bb67b699b5c,358,1004,1272MORJojutla4,69
613f630f536a4bb67b699b5d,471,1004,1273MORYautepec3,81
613f630f536a4bb67b699b5e,346,1002,1275LomasVerdes,32
613f630f536a4bb67b699b5f,504,1001,1276AvTexcoco,102
613f630f536a4bb67b699b60,498,1005,1277HGOTulancingo6,46
613f630f536a4bb67b699b61,475,1008,1278VERCordoba,76
613f630f536a4bb67b699b62,465,1008,1279PUETexmelucan4,91
613f630f536a4bb67b699b63,394,1005,1280PUEXicotepec3,46
613f630f536a4bb67b699b64,498,1005,1281HGOTulancingo7,46
613f630f536a4bb67b699b65,71,1001,1282Aries,94
613f630f536a4bb67b699b66,55,1000,1283HGOSanMarcos,61
613f630f536a4bb67b699b67,129,1000,1284Zumpango4,34
613f630f536a4bb67b699b68,467,1000,1285PortalalSol,34
613f630f536a4bb67b699b69,424,1000,1286HGOTepetitlan,104
613f630f536a4bb67b699b6a,295,1003,1287GROPilcaya,70
613f630f536a4bb67b699b6b,491,1009,1288HGOVillasPachuca,89
613f630f536a4bb67b699b6c,489,1007,1289GTOSalamComuni,86
613f630f536a4bb67b699b6d,149,1007,1290QROCadereyta2,63
613f630f536a4bb67b699b6e,409,1007,1291GTOJerecuaro,63
613f630f536a4bb67b699b6f,304,1007,1292GTODoloresHgoNte,86
613f630f536a4bb67b699b70,461,1007,1293QROStaCruzNieto,63
613f630f536a4bb67b699b71,411,1006,1294PlutarcoEliasCal,103
613f630f536a4bb67b699b72,283,1006,1295SanJeronimo,88
613f630f536a4bb67b699b73,440,1003,1296TLCSantaElena,70
613f630f536a4bb67b699b74,371,1008,1297PUEMisiones,91
613f630f536a4bb67b699b75,448,1002,1298Azcapotzalco,92
613f630f536a4bb67b699b76,168,1004,1299MOROcuituco,81
613f630f536a4bb67b699b77,266,1004,1300MORLaJoya,81
613f630f536a4bb67b699b78,409,1007,1301QROAmealco,63
613f630f536a4bb67b699b79,415,1007,1302QROLaPiedad,63
613f630f536a4bb67b699b7a,446,1008,1303PUETeziutlan3,98
613f630f536a4bb67b699b7b,446,1008,1304PUEHueyapan,98
613f630f536a4bb67b699b7c,354,1006,1305Tlahuac2,87
613f630f536a4bb67b699b7d,78,1007,1306GTODoloresHgoPue,86
613f630f536a4bb67b699b7e,78,1007,1307GTOIrapIndep,86
613f630f536a4bb67b699b7f,394,1005,1308PUEXicotepec4,46
613f630f536a4bb67b699b80,136,1004,1309GROIgualaCentro,66
613f630f536a4bb67b699b81,435,1003,1310TLCPilares,70
613f630f536a4bb67b699b82,223,1007,1311MCHZitacuaro2,101
613f630f536a4bb67b699b83,223,1007,1312MCHTlalpujahua,101
613f630f536a4bb67b699b84,418,1003,1313TLCSanFelipeSant,105
613f630f536a4bb67b699b85,155,1008,1314PUEAtlixco2,91
613f630f536a4bb67b699b86,474,1009,1315HGOVillaAlamos,89
613f630f536a4bb67b699b87,157,1002,1316AtizapanCentro,85
613f630f536a4bb67b699b88,303,1000,1317HGOTecozautla2,104
613f630f536a4bb67b699b89,242,1000,1318HGOBicentenario2,34
613f630f536a4bb67b699b8a,484,1009,1319SanLorenzoCoacal,90
613f630f536a4bb67b699b8b,424,1000,1320HgoTula2,104
613f630f536a4bb67b699b8c,391,1009,1321HGOPachuquilla,89
613f630f536a4bb67b699b8d,381,1006,1322LaTurba2,87
613f630f536a4bb67b699b8e,77,1008,1323PUEAhuazotepec,91
613f630f536a4bb67b699b8f,136,1004,1324MorJojutla5,66
613f630f536a4bb67b699b90,136,1004,1325GROIguala3,66
613f630f536a4bb67b699b91,350,1001,1326AcuautlaII,94
613f630f536a4bb67b699b92,443,1006,1327Escuinapa,88
613f630f536a4bb67b699b93,304,1007,1329QROJurica,86
613f630f536a4bb67b699b94,432,1007,1330QROVillasSantiag,86
613f630f536a4bb67b699b95,78,1007,1331GTOIrapSnJuan,86
613f630f536a4bb67b699b96,388,1008,1332PUELaAcocota2,98
613f630f536a4bb67b699b97,432,1007,1333QROUrbiVillas,86
613f630f536a4bb67b699b98,107,1001,1334Tlalmanalco2,94
613f630f536a4bb67b699b99,390,1002,1335PaloSolo,32
613f630f536a4bb67b699b9a,448,1002,1336CalzCamarones,92
613f630f536a4bb67b699b9b,250,1006,1337Xochimilco4,88
613f630f536a4bb67b699b9c,119,1005,1338Aldama,83
613f630f536a4bb67b699b9d,428,1009,1339HGOLosAngeles,89
613f630f536a4bb67b699b9e,355,1003,1340TLCLasTorres,70
613f630f536a4bb67b699b9f,469,1003,1341TLCCarranza,105
613f630f536a4bb67b699ba0,450,1007,1342GTOIramuco,101
613f630f536a4bb67b699ba1,435,1003,1343TLCElCarmen,70
613f630f536a4bb67b699ba2,498,1005,1344HGOTulancingo8,46
613f630f536a4bb67b699ba3,495,1002,1345LaVilla,85
613f630f536a4bb67b699ba4,306,1005,1346SanFelipeTex,96
613f630f536a4bb67b699ba5,428,1009,1347HGOVirreyes,89
613f630f536a4bb67b699ba6,288,1001,1348Coatepec,102
613f630f536a4bb67b699ba7,21,1001,1349JesusMaria,72
613f630f536a4bb67b699ba8,98,1001,1350Nativitas,102
613f630f536a4bb67b699ba9,21,1002,1351Chocolines,72
613f630f536a4bb67b699baa,27,1002,1352CanalDelMoral,21
613f630f536a4bb67b699bab,500,1004,1353GROMercadoCentra,69
613f630f536a4bb67b699bac,321,1004,1354Tehuixtitlan,81
613f630f536a4bb67b699bad,432,1007,1355QROFundadores,86
613f630f536a4bb67b699bae,465,1008,1356PUEOjodeAgua,91
613f630f536a4bb67b699baf,311,1008,1357TLXMazatecochco,76
613f630f536a4bb67b699bb0,179,1004,1358MORCuernaCentro,81
613f630f536a4bb67b699bb1,292,1000,1359Temascalcingo,104
613f630f536a4bb67b699bb2,472,1004,1360MORElVergel,81
613f630f536a4bb67b699bb3,304,1007,1361GTOVictoria,86
613f630f536a4bb67b699bb4,267,1007,1362QROCerritoColora,63
613f630f536a4bb67b699bb5,314,1008,1363PUETecamachalco,76
613f630f536a4bb67b699bb6,0,1002,1364Tehixtitlan,101
613f630f536a4bb67b699bb7,431,1005,1365Chiconcuac2,96
613f630f536a4bb67b699bb8,431,1005,1366Teotihuacan3,96
613f630f536a4bb67b699bb9,446,1008,1367PUEAtempan,98
613f630f536a4bb67b699bba,434,1006,1368Taxquena,88
613f630f536a4bb67b699bbb,78,1007,1369QROLienzoCharro,86
613f630f536a4bb67b699bbc,0,1000,1370NicolasRomero8,101
613f630f536a4bb67b699bbd,376,1009,1371SanFranciscoTeca,90
613f630f536a4bb67b699bbe,0,1007,1372LaProvidencia,101
613f630f536a4bb67b699bbf,456,1000,1373Libertad,104
613f630f536a4bb67b699bc0,0,1000,1374Jaral2,101
613f630f536a4bb67b699bc1,358,1004,1375MORJojutlaZocalo,69
613f630f536a4bb67b699bc2,347,1004,1376MORAmayuca2,69
613f630f536a4bb67b699bc3,359,1000,1377Zumpango5,34
613f630f536a4bb67b699bc4,397,1006,1378Dr.J.M.Vertiz,103
613f630f536a4bb67b699bc5,278,1003,1379TLCLosHeroes,105
613f630f536a4bb67b699bc6,451,1003,1380TLCCedros4000,70
613f630f536a4bb67b699bc7,400,1007,1381GTOJuventinoRosa,86
613f630f536a4bb67b699bc8,391,1009,1382HGOPsoChavarria2,89
613f630f536a4bb67b699bc9,387,1004,1383MORPlazaOutlet,81
613f630f536a4bb67b699bca,129,1000,1384Hueypoxtla,34
613f630f536a4bb67b699bcb,144,1009,1385TecamacCentro2,90
613f630f536a4bb67b699bcc,335,1000,1386SanLuisAyucan,104
613f630f536a4bb67b699bcd,370,1003,1387TLCInfonavitSanF,70
613f630f536a4bb67b699bce,463,1002,1388LomasDeSanAgusti,32
613f630f536a4bb67b699bcf,303,1000,1389HGOTasquillo,104
613f630f536a4bb67b699bd0,172,1001,1390DivinaComedia,102
613f630f536a4bb67b699bd1,371,1008,1391PUETotimehuacan,91
613f630f536a4bb67b699bd2,172,1001,1392LaAsuncion,102
613f630f536a4bb67b699bd3,335,1000,1393NicolasRomero9,104
613f630f536a4bb67b699bd4,309,1008,1394TLXCuapiaxtla,98
613f630f536a4bb67b699bd5,422,1008,1395PUEBosques,98
613f630f536a4bb67b699bd6,179,1004,1396MORLomasdeCortes,81
613f630f536a4bb67b699bd7,502,1004,1397MORLaEstacion,81
613f630f536a4bb67b699bd8,472,1004,1398GROTeloloapan,81
613f630f536a4bb67b699bd9,489,1007,1399GTOSilao,86
613f630f536a4bb67b699bda,412,1007,1400GTORomita,86
613f630f536a4bb67b699bdb,464,1002,1401AmpliacionXalpa,32
613f630f536a4bb67b699bdc,168,1004,1402MORCuautlaCosten,81
613f630f536a4bb67b699bdd,306,1005,1403Tequisistlan2,96
613f630f536a4bb67b699bde,351,1009,1404HGOTepojaco2,90
613f630f536a4bb67b699bdf,118,1001,1405MarioSalas,102
613f630f536a4bb67b699be0,418,1003,1406TLCLosReyes,105
613f630f536a4bb67b699be1,220,1003,1407TLCHidalgo,105
613f630f536a4bb67b699be2,435,1003,1408TLCSantaAnaTlapa,70
613f630f536a4bb67b699be3,192,1006,1409SanAndresTotolte,88
613f630f536a4bb67b699be4,455,1006,1410Anzures,103
613f630f536a4bb67b699be5,227,1003,1411TLCCarmona,105
613f630f536a4bb67b699be6,7,1002,1412GranjasValleGpe2,92
613f630f536a4bb67b699be7,415,1007,1413QROMilenio,63
613f630f536a4bb67b699be8,368,1001,1414LeyesDeReforma,94
613f630f536a4bb67b699be9,320,1008,1415TLXTlaxcalaChima,76
613f630f536a4bb67b699bea,378,1009,1416CoacalcoEje,90
613f630f536a4bb67b699beb,375,1000,1417Solidaridad,34
613f630f536a4bb67b699bec,121,1003,1418TLCAtlacomulco4,105
613f630f536a4bb67b699bed,500,1004,1419GROCuauhtemoc,69
613f630f536a4bb67b699bee,316,1004,1420MORPuenteDeIxtla,69
613f630f536a4bb67b699bef,423,1001,1421AvDelMazo,94
613f630f536a4bb67b699bf0,476,1000,1422Tepotzotlan5,104
613f630f536a4bb67b699bf1,436,1007,1423QROSanJoaquin,63
613f630f536a4bb67b699bf2,465,1008,1424PUETexmelucan5,91
613f630f536a4bb67b699bf3,271,1005,1425Tepetlaoxtoc,96
613f630f536a4bb67b699bf4,179,1004,1426MORLaLuna,81
613f630f536a4bb67b699bf5,271,1005,1427HGOFtesTizayuca,96
613f630f536a4bb67b699bf6,429,1005,1428HGORojoGomez,96
613f630f536a4bb67b699bf7,313,1001,1429Covadonga,94
613f630f536a4bb67b699bf8,481,1007,1430GTOCelayaEmilian,86
613f630f536a4bb67b699bf9,168,1004,1431MORCuautlixco,81
613f630f536a4bb67b699bfa,358,1004,1432MORJojutla6,69
613f630f536a4bb67b699bfb,218,1004,1433GROAcapulcoCuauh,69
613f630f536a4bb67b699bfc,422,1008,1434PUEChapultepecHa,98
613f630f536a4bb67b699bfd,432,1007,1435GTOCelayaLosOliv,86
613f630f536a4bb67b699bfe,412,1007,1436GTOManuelDoblado,86
613f630f536a4bb67b699bff,382,1002,1437TlalnepantlaCent,85
613f630f536a4bb67b699c00,434,1006,1438CalzadaDeLaViga,88
613f630f536a4bb67b699c01,397,1006,1439GlorietaDeLosIns,103
613f630f536a4bb67b699c02,314,1008,1440PUEQuecholac,76
613f630f536a4bb67b699c03,155,1008,1441PUEChietla2,91
613f630f536a4bb67b699c04,367,1006,1442LasAguilas2,88
613f630f536a4bb67b699c05,414,1004,1443MORSanGaspar,81
613f630f536a4bb67b699c06,415,1007,1444QROLosHeroes,63
613f630f536a4bb67b699c07,387,1004,1445MORSatelite,81
613f630f536a4bb67b699c08,254,1003,1446TLCZolotepec2,70
613f630f536a4bb67b699c09,297,1002,1447Tequexquinahuac2,85
613f630f536a4bb67b699c0a,296,1001,1448Villadall,102
613f630f536a4bb67b699c0b,502,1004,1449MOR.RuizCortines,81
613f630f536a4bb67b699c0c,168,1004,1450MORCuautlaTeteca,81
613f630f536a4bb67b699c0d,179,1004,1451MORTresMarias,81
613f630f536a4bb67b699c0e,344,1004,1452MORHuexca,81
613f630f536a4bb67b699c0f,291,1001,1453Tezompall,94
613f630f536a4bb67b699c10,335,1000,145422deFebrero,104
613f630f536a4bb67b699c11,0,1000,1455HGOTetepango,101
613f630f536a4bb67b699c12,362,1000,1456SantaTeresa3,34
613f630f536a4bb67b699c13,338,1003,1457TLCElNevado,105
613f630f536a4bb67b699c14,429,1005,1458HGONacozari,96
613f630f536a4bb67b699c15,269,1009,1459HGOMetzquititlan,89
613f630f536a4bb67b699c16,206,1009,1460RecursosHidrauli,95
613f630f536a4bb67b699c17,446,1008,1461PUEZacapoaxtla2,98
613f630f536a4bb67b699c18,391,1009,1462HGOPsoChavarria3,89
613f630f536a4bb67b699c19,314,1008,1463PUETepeaca3,76
613f630f536a4bb67b699c1a,361,1000,1464LomasCuautitlan,104
613f630f536a4bb67b699c1b,446,1008,1465PUETeziutlan4,98
613f630f536a4bb67b699c1c,400,1007,1466GTOCelayaMisione,86
613f630f536a4bb67b699c1d,400,1007,1467GTOVillaLosArcos,86
613f630f536a4bb67b699c1e,485,1006,1468ValleGomez,103
613f630f536a4bb67b699c1f,471,1004,1469MORCapiriZapata,81
613f630f536a4bb67b699c20,466,1004,1470GROLlanoLargo,69
613f630f536a4bb67b699c21,335,1000,1471HGOAtotonilcoTul,104
613f630f536a4bb67b699c22,155,1008,1472PUECastillotla,91
613f630f536a4bb67b699c23,58,1002,1473DiazMiron,85
613f630f536a4bb67b699c24,382,1002,1474PiramideDeTeotih,85
613f630f536a4bb67b699c25,461,1007,1475QROLomasdeSanJua,63
613f630f536a4bb67b699c26,388,1008,1476PUESanAndresChol,98
613f630f536a4bb67b699c27,155,1008,1477PUEIzucar3,91
613f630f536a4bb67b699c28,412,1007,1478GTOCueramaro,86
613f630f536a4bb67b699c29,423,1001,1479MariaIsabel,94
613f630f536a4bb67b699c2a,412,1007,1480GTOVillagran,86
613f630f536a4bb67b699c2b,316,1004,1481GROTeloloapan2,69
613f630f536a4bb67b699c2c,324,1002,1482AvDelRio,32
613f630f536a4bb67b699c2d,0,1000,1483CoacalcoAv.1,101
613f630f536a4bb67b699c2e,363,1009,1484HGOSanAntonio,89
613f630f536a4bb67b699c2f,446,1008,1485PUETlatlauquitep,98
613f630f536a4bb67b699c30,386,1009,1486JimenezCantu1,95
613f630f536a4bb67b699c31,271,1005,1487LasVegas,96
613f630f536a4bb67b699c32,367,1006,1488SanJeronimo1,88
613f630f536a4bb67b699c33,192,1006,1489SanPedroMartir,88
613f630f536a4bb67b699c34,415,1007,1490QROPieDeLaCuesta,63
613f630f536a4bb67b699c35,376,1009,1491SierraHermosa,90
613f630f536a4bb67b699c36,310,1004,1492MOR5deFebrero,69
613f630f536a4bb67b699c37,229,1005,1493PUEPahuatlan,46
613f630f536a4bb67b699c38,491,1009,1494HGOPsodelaplata,89
613f630f536a4bb67b699c39,357,1003,1495TLCLagunadelVolc,105
613f630f536a4bb67b699c3a,227,1003,1496TLCSanFelipedelP,105
613f630f536a4bb67b699c3b,469,1003,1497TLCCosmovitral,105
613f630f536a4bb67b699c3c,379,1003,1498TLCSanLucas,70
613f630f536a4bb67b699c3d,425,1003,1499TLCPipioltepec,105
613f630f536a4bb67b699c3e,269,1009,1500HGOZacualtipan3,89
613f630f536a4bb67b699c3f,211,1000,1501HGOAtotonilcoTul,104
613f630f536a4bb67b699c40,483,1000,1502BosquesDeMorelos,34
613f630f536a4bb67b699c41,211,1000,1503HGOTula3,104
613f630f536a4bb67b699c42,335,1000,1504NicolasRomero10,104
613f630f536a4bb67b699c43,491,1009,1505HGOStaMatilde,89
613f630f536a4bb67b699c44,291,1001,1506Ozumba2,94
613f630f536a4bb67b699c45,422,1008,1507PUESanAntonioAba,98
613f630f536a4bb67b699c46,433,1006,1508Sur24,87
613f630f536a4bb67b699c47,383,1003,1509TLCTlazala,70
613f630f536a4bb67b699c48,440,1003,1510TLCLaAsuncion,70
613f630f536a4bb67b699c49,491,1009,1511HGOPiracantos,89
613f630f536a4bb67b699c4a,380,1000,1512HGOTulaGalaxias,104
613f630f536a4bb67b699c4b,162,1005,1513HGOAguaBlanca,46
613f630f536a4bb67b699c4c,350,1001,1514MunicipioLibre,94
613f630f536a4bb67b699c4d,218,1004,1515MORMazatepec,69
613f630f536a4bb67b699c4e,458,1001,1516AmericasII,94
613f630f536a4bb67b699c4f,267,1007,1517QROSanRoque,63
613f630f536a4bb67b699c50,417,1007,1518GTOLeonLaFragua,86
613f630f536a4bb67b699c51,412,1007,1519GTOLeonLomaDorad,86
613f630f536a4bb67b699c52,417,1007,1520GTOPenjamo,86
613f630f536a4bb67b699c53,417,1007,1521GTOComonfort,86
613f630f536a4bb67b699c54,410,1007,1522QROJauregui2,86
613f630f536a4bb67b699c55,471,1004,1523MORCuautlaMaya,81
613f630f536a4bb67b699c56,499,1008,1524PUEAmozoc2,76
613f630f536a4bb67b699c57,388,1008,1525PUELaRosa,98
613f630f536a4bb67b699c58,54,1002,1526LaPresa2,32
613f630f536a4bb67b699c59,355,1003,1527TLCTenancingo4,70
613f630f536a4bb67b699c5a,295,1003,1528TLCTlanixco,70
613f630f536a4bb67b699c5b,411,1006,1529Plutarco2,103
613f630f536a4bb67b699c5c,401,1005,1530VERPapantla,46
613f630f536a4bb67b699c5d,306,1005,1531SantaRosa1,96
613f630f536a4bb67b699c5e,97,1009,1532Acozac3,90
613f630f536a4bb67b699c5f,350,1001,1533HeroesIxtapalu3,94
613f630f536a4bb67b699c60,494,1002,1534MercedAtizapan,85
613f630f536a4bb67b699c61,219,1009,1535SanJeronimo2,90
613f630f536a4bb67b699c62,445,1004,1536MORRanchoNuevo,81
613f630f536a4bb67b699c63,418,1003,1537TLCYeche,105
613f630f536a4bb67b699c64,240,1005,1538VERPozaRicaCentr,46
613f630f536a4bb67b699c65,240,1005,1539VERPozaRicaIndep,46
613f630f536a4bb67b699c66,409,1007,1540GTOAcambaroMerca,63
613f630f536a4bb67b699c67,270,1007,1541GTOLasEstancias,86
613f630f536a4bb67b699c68,270,1007,1542GTOCortazar2,86
613f630f536a4bb67b699c69,348,1007,1543MCHCuitzeo,101
613f630f536a4bb67b699c6a,246,1002,1544SanJoseDelJaral2,32
613f630f536a4bb67b699c6b,268,1004,1545MORAcatlipa2,69
613f630f536a4bb67b699c6c,253,1001,1546Poniente6,94
613f630f536a4bb67b699c6d,16,1001,1547Ebanistas,102
613f630f536a4bb67b699c6e,368,1001,1548LeyesdeReforma3,94
613f630f536a4bb67b699c6f,309,1008,1549TLXHuamantla2,98
613f630f536a4bb67b699c70,283,1006,1550SanMateoCoyoacan,88
613f630f536a4bb67b699c71,283,1006,1551DivisionDelNorte,88
613f630f536a4bb67b699c72,206,1009,1552RealDelCid,95
613f630f536a4bb67b699c73,179,1004,1553MORAhuatepec,81
613f630f536a4bb67b699c74,440,1003,1554TLCLaConchita,70
613f630f536a4bb67b699c75,361,1000,1555Tepojaco3,104
613f630f536a4bb67b699c76,500,1004,1556GROAcaConstituye,69
613f630f536a4bb67b699c77,472,1004,1557MORChalma,81
613f630f536a4bb67b699c78,306,1005,1558LosAngelesAcolma,96
613f630f536a4bb67b699c79,306,1005,1559StaCatarinaAcolm,96
613f630f536a4bb67b699c7a,320,1008,1560TlxNativitas,76
613f630f536a4bb67b699c7b,157,1002,1561CalzadaSanMateo,85
613f630f536a4bb67b699c7c,320,1008,1562TLXPanotla,76
613f630f536a4bb67b699c7d,388,1008,1563PueMomoxpan,98
613f630f536a4bb67b699c7e,382,1002,1564AvCeylan,85
613f630f536a4bb67b699c7f,388,1008,1565PUESanctorum,98
613f630f536a4bb67b699c80,78,1007,1566GTOIrapValleVerd,86
613f630f536a4bb67b699c81,461,1007,1567QROGirasoles,63
613f630f536a4bb67b699c82,415,1007,1568QROSanJoseElAlto,63
613f630f536a4bb67b699c83,292,1000,1571Aculco3,104
613f630f536a4bb67b699c84,378,1009,1572Ayuntamiento,90
613f630f536a4bb67b699c85,404,1000,1573TultepecCentro2,34
613f630f536a4bb67b699c86,303,1000,1574Huichapan2,104
613f630f536a4bb67b699c87,362,1000,1575VilladelRey,34
613f630f536a4bb67b699c88,399,1000,1576HGOAlfajayucan2,34
613f630f536a4bb67b699c89,313,1001,1577Guadalupana2,94
613f630f536a4bb67b699c8a,396,1004,1578Mor.YecaHuexca,81
613f630f536a4bb67b699c8b,332,1005,1579DiasMiron2,83
613f630f536a4bb67b699c8c,239,1000,1580Zimapan2,34
613f630f536a4bb67b699c8d,134,1000,1581Doxey,34
613f630f536a4bb67b699c8e,0,1003,1582TLCInfonavitSanF,101
613f630f536a4bb67b699c8f,278,1003,1583TLCSanLorenzoOya,105
613f630f536a4bb67b699c90,370,1003,1584TLCSanGaspar,70
613f630f536a4bb67b699c91,435,1003,1585TLCSnJeronimoChi,70
613f630f536a4bb67b699c92,356,1003,1586TLCSanPabloAutop,70
613f630f536a4bb67b699c93,121,1003,1587TLCAtlacomulco5,105
613f630f536a4bb67b699c94,259,1003,1588TLCTianguistenco,70
613f630f536a4bb67b699c95,312,1004,1589MORAtlatlahucan2,81
613f630f536a4bb67b699c96,387,1004,1590MorBugambilias,81
613f630f536a4bb67b699c97,445,1004,1591MorSanCarlos,81
613f630f536a4bb67b699c98,242,1000,1592ElDorado,34
613f630f536a4bb67b699c99,456,1000,1593SanIsidro,104
613f630f536a4bb67b699c9a,404,1000,1594Teoloyucan5,34
613f630f536a4bb67b699c9b,500,1004,1595GROACAZocalo,69
613f630f536a4bb67b699c9c,162,1005,1596Tulancingo9,46
613f630f536a4bb67b699c9d,426,1003,1597TLCStoTomasdelos,105
613f630f536a4bb67b699c9e,498,1005,1598TulantepecII,46
613f630f536a4bb67b699c9f,267,1007,1599QROCampoMilitar,63
613f630f536a4bb67b699ca0,501,1004,1600GROCHTerminal,69
613f630f536a4bb67b699ca1,396,1004,1601MORAnenecuilco,81
613f630f536a4bb67b699ca2,371,1008,1602PUELaPlaya,91
613f630f536a4bb67b699ca3,312,1004,1603JuchitepecCentro,81
613f630f536a4bb67b699ca4,264,1006,1604RioBecerra,88
613f630f536a4bb67b699ca5,359,1000,1605LosEncinos,34
613f630f536a4bb67b699ca6,424,1000,1606SanMarcos2,104
613f630f536a4bb67b699ca7,451,1003,1607TLCSnPedroTotolt,70
613f630f536a4bb67b699ca8,371,1008,1608PueHuejotzingo3,91
613f630f536a4bb67b699ca9,401,1005,1609Papantla2,46
613f630f536a4bb67b699caa,497,1005,1610Huauchinango4,46
613f630f536a4bb67b699cab,350,1001,1611LomaBonita,94
613f630f536a4bb67b699cac,412,1007,1612GTOLeonLomasdeMe,86
613f630f536a4bb67b699cad,155,1008,1613PueTresCerritos,91
613f630f536a4bb67b699cae,412,1007,1614GTOLeonAllende,86
613f630f536a4bb67b699caf,412,1007,1615GTOLeonDelta,86
613f630f536a4bb67b699cb0,297,1002,1616Chihuahua,85
613f630f536a4bb67b699cb1,253,1001,1617ChalcoHidalgo,94
613f630f536a4bb67b699cb2,411,1006,1618Santiago2,103
613f630f536a4bb67b699cb3,401,1005,1619GutierrezZamora,46
613f630f536a4bb67b699cb4,223,1007,1620MCHTlalpujahua1,101
613f630f536a4bb67b699cb5,314,1008,1621PUEChachapa1,76
613f630f536a4bb67b699cb6,503,1008,1622PUEElRefugio,91
613f630f536a4bb67b699cb7,206,1009,1623Potrero,95
613f630f536a4bb67b699cb8,373,1008,1624VerOrizaba3,76
613f630f536a4bb67b699cb9,341,1009,1625LasAmericas,95
613f630f536a4bb67b699cba,503,1008,1626PueLaGuadalupana,91
613f630f536a4bb67b699cbb,403,1001,1627Aurora,102
613f630f536a4bb67b699cbc,445,1004,1628MOROaxtepec,81
613f630f536a4bb67b699cbd,397,1006,1629Condesa2,103
613f630f536a4bb67b699cbe,359,1000,1630ZumpangoSanJuan,34
613f630f536a4bb67b699cbf,487,1000,1631TultitlanBuenavi,34
613f630f536a4bb67b699cc0,477,1000,1632TLCTultepec,34
613f630f536a4bb67b699cc1,345,1000,1633Mixquiahuala3,34
613f630f536a4bb67b699cc2,310,1004,1634MORLazaroCardena,69
613f630f536a4bb67b699cc3,219,1009,1635RealdeGranada,90
613f630f536a4bb67b699cc4,240,1005,1636Coatzintla,46
613f630f536a4bb67b699cc5,240,1005,1637Pozo13,46
613f630f536a4bb67b699cc6,401,1005,1638AguaFria,46
613f630f536a4bb67b699cc7,351,1009,1639HGOPsodelPedrega,90
613f630f536a4bb67b699cc8,427,1006,1640Pantitlan2,87
613f630f536a4bb67b699cc9,373,1008,1641VerRioBlanco,76
613f630f536a4bb67b699cca,316,1004,1642MorAmacuzac,69
613f630f536a4bb67b699ccb,271,1005,1643Montecillo,96
613f630f536a4bb67b699ccc,271,1005,1644LaTrinidad,96
613f630f536a4bb67b699ccd,101,1005,1645Totolcingo,96
613f630f536a4bb67b699cce,284,1006,1646EstrelladelSur,87
613f630f536a4bb67b699ccf,478,1006,1647CalzadadelHueso,88
613f630f536a4bb67b699cd0,450,1007,1648MCHSantaAnaMaya,101
613f630f536a4bb67b699cd1,465,1008,1649PueCiudadJudicia,91
613f630f536a4bb67b699cd2,297,1002,1650SanJuanBosco,85
613f630f536a4bb67b699cd3,440,1003,1651TLCDeLaRosa,70
613f630f536a4bb67b699cd4,450,1007,1652MCHMaravatio3,101
613f630f536a4bb67b699cd5,240,1005,1653PozaRica20denovi,46
613f630f536a4bb67b699cd6,240,1005,1654Coatzintla2,46
613f630f536a4bb67b699cd7,394,1005,1655LaCeiba,46
613f630f536a4bb67b699cd8,0,1003,1656MCHMercadoAudito,101
613f630f536a4bb67b699cd9,223,1007,1657MCHZitacuaro3,101
613f630f536a4bb67b699cda,266,1004,1658MorParaiso,81
613f630f536a4bb67b699cdb,348,1007,1659MCHHuandacareo,101
613f630f536a4bb67b699cdc,78,1007,1660GTOSostenesRocha,86
613f630f536a4bb67b699cdd,400,1007,1661GTOCelayaMutuali,86
613f630f536a4bb67b699cde,489,1007,1662GTOSilaoBaillere,86
613f630f536a4bb67b699cdf,466,1004,1663GROACALasCruces,69
613f630f536a4bb67b699ce0,324,1002,1664ValleDeSantaMoni,32
613f630f536a4bb67b699ce1,466,1004,1665GROACASabana,69
613f630f536a4bb67b699ce2,427,1006,1666Oriente106,87
613f630f536a4bb67b699ce3,391,1009,1667HGOLaProvidenci2,89
613f630f536a4bb67b699ce4,177,1009,1668HGOFdzDeLizardi2,89
613f630f536a4bb67b699ce5,420,1009,1669HGOHdasDGuadalup,89
613f630f536a4bb67b699ce6,466,1004,1670GROACARenacimien,69
613f630f536a4bb67b699ce7,478,1006,1671Cafetales,88
613f630f536a4bb67b699ce8,504,1001,1672RaulRomero,102
613f630f536a4bb67b699ce9,311,1008,1673TLXPanzacola,76
613f630f536a4bb67b699cea,475,1008,1674VERPotrerillo,76
613f630f536a4bb67b699ceb,401,1005,1675AlamoCentro,46
613f630f536a4bb67b699cec,397,1006,1676Av.Coyoacan,103
613f630f536a4bb67b699ced,271,1005,1677SanMiguelTlaixpa,96
613f630f536a4bb67b699cee,498,1005,1678TulancingoJardin,46
613f630f536a4bb67b699cef,433,1006,1679Sur20,87
613f630f536a4bb67b699cf0,347,1004,1680MORAxochiapan3,69
613f630f536a4bb67b699cf1,348,1007,1681MCHBucareli,101
613f630f536a4bb67b699cf2,278,1003,1682TLCXonacatlan4,105
613f630f536a4bb67b699cf3,380,1000,1683ChapadeMota,104
613f630f536a4bb67b699cf4,0,1000,16842deMarzo,101
613f630f536a4bb67b699cf5,401,1005,1685VERTihuatlan,46
613f630f536a4bb67b699cf6,240,1005,1686VERPozaRica4,46
613f630f536a4bb67b699cf7,268,1004,1687MORTezoyuca,69
613f630f536a4bb67b699cf8,459,1001,1688ElSol,102
613f630f536a4bb67b699cf9,487,1000,1689Tepalcapa2,34
613f630f536a4bb67b699cfa,394,1005,1690PUEXicotepec5,46
613f630f536a4bb67b699cfb,497,1005,1691PUEHuauchinango5,46
613f630f536a4bb67b699cfc,497,1005,1692PUEHuauchinango6,46
613f630f536a4bb67b699cfd,501,1004,1693GROCHLosAngeles,69
613f630f536a4bb67b699cfe,356,1003,1694TLCHuichochitlan,70
613f630f536a4bb67b699cff,348,1007,1695MCHSiervo,101
613f630f536a4bb67b699d00,463,1002,1696NaucalpanCentro,32
613f630f536a4bb67b699d01,264,1006,1697ElRodeo,88
613f630f536a4bb67b699d02,296,1001,1698AvSanAngel,102
613f630f536a4bb67b699d03,428,1009,1699HGOZonaPlateada,89
613f630f536a4bb67b699d04,412,1007,1700GTOLeonMerCarVer,86
613f630f536a4bb67b699d05,412,1007,1701GTOLeonMerSanMig,86
613f630f536a4bb67b699d06,412,1007,1702GTOLeonLasAmeric,86
613f630f536a4bb67b699d07,390,1002,1703CETRAM4Caminos,32
613f630f536a4bb67b699d08,391,1009,1704HGOEpazoyucan,89
613f630f536a4bb67b699d09,304,1007,1705GTOSnJIturbide2,86
613f630f536a4bb67b699d0a,270,1007,1706GTOCortazar3,86
613f630f536a4bb67b699d0b,379,1003,1707TLCChalma,70
613f630f536a4bb67b699d0c,408,1000,1708VillaDelCarbon2,104
613f630f536a4bb67b699d0d,500,1004,1709GROACAParazal,69
613f630f536a4bb67b699d0e,376,1009,1710Atzompa,90
613f630f536a4bb67b699d0f,495,1002,1711LindavistaVallej,85
613f630f536a4bb67b699d10,308,1002,1712GuadalupeVictori,85
613f630f536a4bb67b699d11,341,1009,1713JardinesDeMorelo,95
613f630f536a4bb67b699d12,439,1006,1714Dr.Olvera,103
613f630f536a4bb67b699d13,422,1008,1715PUEViverosdelVal,98
613f630f536a4bb67b699d14,501,1004,1716GROTixtla,69
613f630f536a4bb67b699d15,503,1008,1717PUESanIsidro2,91
613f630f536a4bb67b699d16,428,1009,1718HGOElSaucillo,89
613f630f536a4bb67b699d17,461,1007,1719QROCerroGordo,63
613f630f536a4bb67b699d18,401,1005,1720CastillodeTeayo,46
613f630f536a4bb67b699d19,240,1005,1721PozaRic5,46
613f630f536a4bb67b699d1a,401,1005,1722TuxpanPipila,46
613f630f536a4bb67b699d1b,247,1005,1723HGOTulancingo10,46
613f630f536a4bb67b699d1c,247,1005,1724PUELaUnionZihuat,46
613f630f536a4bb67b699d1d,247,1005,1725SanFranciscoMaza,46
613f630f536a4bb67b699d1e,271,1005,1726Boyeros,96
613f630f536a4bb67b699d1f,264,1006,1727CaminoReal,88
613f630f536a4bb67b699d20,397,1006,1728GabrielMancera,103
613f630f536a4bb67b699d21,313,1001,1729IndependenciaVal,94
613f630f536a4bb67b699d22,500,1004,1730GROAcaLasAnclas,69
613f630f536a4bb67b699d23,373,1008,1731VERIxtac,76
613f630f536a4bb67b699d24,0,1009,1732HGORealToledo,101
613f630f536a4bb67b699d25,0,1009,1733HGORealNavarra,101
613f630f536a4bb67b699d26,504,1001,1734SantaMartha,102
613f630f536a4bb67b699d27,465,1008,1735PUEMoyotzingo,91
613f630f536a4bb67b699d28,466,1004,1736GROAcaParotas,69
613f630f536a4bb67b699d29,310,1004,1737MORTemixcoPlaza,69
613f630f536a4bb67b699d2a,348,1007,1738MCHMorPradosVe,101
613f630f536a4bb67b699d2b,348,1007,1739MCHMorTorrNvo,101
613f630f536a4bb67b699d2c,412,1007,1740GTOLeonVistaEs,86
613f630f536a4bb67b699d2d,412,1007,1741GTOLeonFrayDan,86
613f630f536a4bb67b699d2e,412,1007,1742GTOVillagran1,86
613f630f536a4bb67b699d2f,348,1007,1743MCHIndaparapeo,101
613f630f536a4bb67b699d30,0,1009,1744RealVerona,101
613f630f536a4bb67b699d31,355,1003,1745TLCMexicaltzingo,70
613f630f536a4bb67b699d32,157,1002,1746UAMAtizapan,85
613f630f536a4bb67b699d33,58,1002,1747Caracoles3,85
613f630f536a4bb67b699d34,242,1000,1748LaToscana,34
613f630f536a4bb67b699d35,270,1007,1749GTOApaseoElAlto2,86
613f630f536a4bb67b699d36,482,1005,1750Aragon2,83
613f630f536a4bb67b699d37,348,1007,1751MCHMorTinijaro,101
613f630f536a4bb67b699d38,393,1006,1752AvenidaDelIman,88
613f630f536a4bb67b699d39,477,1000,1753Tultepec2,34
613f630f536a4bb67b699d3a,0,1000,1754Temascalcingo2,101
613f630f536a4bb67b699d3b,0,1000,1755Polotitlan2,101
613f630f536a4bb67b699d3c,296,1001,1756SieteLeguas,102
613f630f536a4bb67b699d3d,448,1002,1757AzcapotzalcoCent,92
613f630f536a4bb67b699d3e,348,1007,1758MCHMorPorvenir,101
613f630f536a4bb67b699d3f,412,1007,1759GTOLeonLaGarita,86
613f630f536a4bb67b699d40,489,1007,1760GTOMercBarahona,86
613f630f536a4bb67b699d41,370,1003,1761TLCMetepec2,70
613f630f536a4bb67b699d42,435,1003,1762TLCOcotitlan,70
613f630f536a4bb67b699d43,223,1007,1763MCHLaPiedad,101
613f630f536a4bb67b699d44,316,1004,1764GroIgualaelHuer,69
613f630f536a4bb67b699d45,316,1004,1765GroTaxco2,69
613f630f536a4bb67b699d46,0,1009,1766HGOPachucacentro,101
613f630f536a4bb67b699d47,0,1001,1767AtlazalpanCentro,101
613f630f536a4bb67b699d48,247,1005,1768SantaMariaLaAsun,46
613f630f536a4bb67b699d49,247,1005,1769LasColonias,46
613f630f536a4bb67b699d4a,345,1000,1770HGOPresas,34
613f630f536a4bb67b699d4b,121,1003,1771TLCSnLorenzoTlac,105
613f630f536a4bb67b699d4c,440,1003,1772TLCSanMateoAtenc,70
613f630f536a4bb67b699d4d,401,1005,1773Totolapa,46
613f630f536a4bb67b699d4e,247,1005,1774Alamo2,46
613f630f536a4bb67b699d4f,422,1008,1775PUEBosques2,98
613f630f536a4bb67b699d50,311,1008,1776PUEAlmecatla,76
613f630f536a4bb67b699d51,283,1006,1777CalzadadeTlalpan,88
613f630f536a4bb67b699d52,0,1000,1778MelchorOcampo2,101
613f630f536a4bb67b699d53,0,1000,1779ElVidrio,101
613f630f536a4bb67b699d54,0,1001,1780LosPatos,101
613f630f536a4bb67b699d55,247,1005,1781PozaRica7,46
613f630f536a4bb67b699d56,247,1005,1782Tuxpan2,46
613f630f536a4bb67b699d57,247,1005,1783Mecapalapa,46
613f630f536a4bb67b699d58,247,1005,1784Metlaltoyuca,46
613f630f536a4bb67b699d59,366,1006,1785Tekal,88
613f630f536a4bb67b699d5a,477,1000,1786SantaElena,34
613f630f536a4bb67b699d5b,211,1000,1787Tula4,104
613f630f536a4bb67b699d5c,0,1000,1788Jilotepec2,101
613f630f536a4bb67b699d5d,0,1004,1789GroACAZapata,101
613f630f536a4bb67b699d5e,0,1004,1790GroTierraColorad,101
613f630f536a4bb67b699d5f,0,1004,1791GroACAPtoMarques,101
613f630f536a4bb67b699d60,0,1009,1792Tecalco,101
613f630f536a4bb67b699d61,412,1007,1793GTOLeonOtates,86
613f630f536a4bb67b699d62,0,1003,1794TLCSantiagoAcutz,101
613f630f536a4bb67b699d63,145,1002,1795Ahuizotla2,85
613f630f536a4bb67b699d64,264,1006,1796SantaLucia,88
613f630f536a4bb67b699d65,155,1008,1797PUESantaClara,91
613f630f536a4bb67b699d66,247,1005,1798VillaLazaroCarde,46
613f630f536a4bb67b699d67,247,1005,1799Tuxpan3,46
613f630f536a4bb67b699d68,247,1005,1800LasBrisas2,46
613f630f536a4bb67b699d69,0,1001,1801Capulin,101
613f630f536a4bb67b699d6a,0,1001,1802Revolucion,101
613f630f536a4bb67b699d6b,0,1004,1803MORJiutepec3,101
613f630f536a4bb67b699d6c,247,1005,1804Tihutlan2,46
613f630f536a4bb67b699d6d,58,1002,1805Cuautepec3,85
613f630f536a4bb67b699d6e,427,1006,1806IgnacioZaragoza,87
613f630f536a4bb67b699d6f,0,1004,1807MORJiutepec4,101
613f630f536a4bb67b699d70,0,1007,1808QROTequisquiapan,101
613f630f536a4bb67b699d71,0,1007,1809MCHMorLaLoma,101
613f630f536a4bb67b699d72,0,1007,1810MCHContepec,101
613f630f536a4bb67b699d73,0,1007,1811QROLomaBonita,101
613f630f536a4bb67b699d74,0,1007,1812GTOLeonSBernardo,101
613f630f536a4bb67b699d75,0,1007,1813GTOLeonBalcones,101
613f630f536a4bb67b699d76,0,1007,1814GTOLeonSigloXXI,101
613f630f536a4bb67b699d77,0,1009,1815HeroesSPablo,101
613f630f536a4bb67b699d78,,1000,,
613f630f536a4bb67b699d79,409,1007,990,63
613f630f536a4bb67b699d7a,436,1007,988,63
613f630f536a4bb67b699d7b,149,1007,529,63
613f630f536a4bb67b699d7c,168,1004,429,81
613f630f536a4bb67b699d7d,149,1007,580,63
613f630f536a4bb67b699d7e,149,1007,1155,63
613f630f536a4bb67b699d7f,149,1007,1290,63
613f630f536a4bb67b699d80,149,1007,574,63
613f630f536a4bb67b699d81,149,1007,765,63
613f630f536a4bb67b699d82,267,1007,601,63
613f630f536a4bb67b699d83,267,1007,642,63
613f630f536a4bb67b699d84,450,1007,916,63
613f630f536a4bb67b699d85,450,1007,1113,63
613f630f536a4bb67b699d86,450,1007,1342,63
613f630f536a4bb67b699d87,450,1007,932,63
613f630f536a4bb67b699d88,436,1007,1168,63
613f630f536a4bb67b699d89,489,1007,1289,86
613f630f536a4bb67b699d8a,267,1007,652,63
613f630f536a4bb67b699d8b,489,1007,1399,86
613f630f536a4bb67b699d8c,267,1007,1362,63
613f630f536a4bb67b699d8d,436,1007,704,63
613f630f536a4bb67b699d8e,489,1007,1662,86
613f630f536a4bb67b699d8f,400,1007,1466,86
613f630f536a4bb67b699d90,400,1007,1215,86
613f630f536a4bb67b699d91,270,1007,853,86
613f630f536a4bb67b699d92,270,1007,851,86
613f630f536a4bb67b699d93,270,1007,895,86
613f630f536a4bb67b699d94,426,1003,961,105
613f630f536a4bb67b699d95,270,1007,1706,86
613f630f536a4bb67b699d96,78,1007,1217,86
613f630f536a4bb67b699d97,426,1003,0473,105
613f630f536a4bb67b699d98,432,1007,1355,86
613f630f536a4bb67b699d99,481,1007,1173,86
613f630f536a4bb67b699d9a,481,1007,1430,86
613f630f536a4bb67b699d9b,511,1005,1514,83
613f630f536a4bb67b699d9c,432,1007,1154,86
613f630f536a4bb67b699d9d,511,1005,1513,83
613f630f536a4bb67b699d9e,78,1007,1307,86
613f630f536a4bb67b699d9f,432,1007,947,86
613f630f536a4bb67b699da0,78,1007,1331,86
613f630f536a4bb67b699da1,505,1007,LOMA DORADA,86
613f630f536a4bb67b699da2,432,1007,1333,86
613f630f536a4bb67b699da3,432,1007,1330,86
613f630f536a4bb67b699da4,78,1007,1259,86
613f630f536a4bb67b699da5,432,1007,639,86
613f630f536a4bb67b699da6,78,1007,1566,86
613f630f536a4bb67b699da7,78,1007,1660,86
613f630f536a4bb67b699da8,78,1007,1247,86
613f630f536a4bb67b699da9,511,1005,tulancingo,83
613f630f536a4bb67b699daa,482,1005,150,83
613f630f536a4bb67b699dab,482,1005,1139,83
613f630f536a4bb67b699dac,426,1003,0361,105
613f630f536a4bb67b699dad,223,1007,693,101
613f630f536a4bb67b699dae,223,1007,760,101
613f630f536a4bb67b699daf,426,1003,0363,105
613f630f536a4bb67b699db0,223,1007,678,101
613f630f536a4bb67b699db1,223,1007,1311,101
613f630f536a4bb67b699db2,511,1005,agua blanca,83
613f630f536a4bb67b699db3,348,1007,1652,101
613f630f536a4bb67b699db4,348,1007,530,101
613f630f536a4bb67b699db5,348,1007,912,101
613f630f536a4bb67b699db6,304,1007,713,86
613f630f536a4bb67b699db7,348,1007,666,101
613f630f536a4bb67b699db8,259,1003,0914,70
613f630f536a4bb67b699db9,347,1004,447,69
613f630f536a4bb67b699dba,304,1007,1292,86
613f630f536a4bb67b699dbb,304,1007,1705,86
613f630f536a4bb67b699dbc,304,1007,796,86
613f630f536a4bb67b699dbd,304,1007,981,86
613f630f536a4bb67b699dbe,480,1003,1240,70
613f630f536a4bb67b699dbf,304,1007,1226,86
613f630f536a4bb67b699dc0,304,1007,795,86
613f630f536a4bb67b699dc1,480,1003,1122,70
613f630f536a4bb67b699dc2,304,1007,1361,86
613f630f536a4bb67b699dc3,304,1007,1120,86
613f630f536a4bb67b699dc4,304,1007,1329,86
613f630f536a4bb67b699dc5,506,1003,1132,70
613f630f536a4bb67b699dc6,461,1007,1475,63
613f630f536a4bb67b699dc7,227,1003,1496,105
613f630f536a4bb67b699dc8,412,1007,1615,86
613f630f536a4bb67b699dc9,412,1007,1740,86
613f630f536a4bb67b699dca,412,1007,1400,86
613f630f536a4bb67b699dcb,370,1003,1584,70
613f630f536a4bb67b699dcc,412,1007,1700,86
613f630f536a4bb67b699dcd,498,1005,1281,83
613f630f536a4bb67b699dce,498,1005,1344,83
613f630f536a4bb67b699dcf,498,1005,1115,83
613f630f536a4bb67b699dd0,465,1008,pue,91
613f630f536a4bb67b699dd1,465,1008,522,91
613f630f536a4bb67b699dd2,155,1008,985,91
613f630f536a4bb67b699dd3,155,1008,1613,91
613f630f536a4bb67b699dd4,383,1003,677,70
613f630f536a4bb67b699dd5,383,1003,451,70
613f630f536a4bb67b699dd6,383,1003,1262,70
613f630f536a4bb67b699dd7,371,1008,1251,91
613f630f536a4bb67b699dd8,371,1008,487,91
613f630f536a4bb67b699dd9,371,1008,592,91
613f630f536a4bb67b699dda,418,1003,1112,105
613f630f536a4bb67b699ddb,418,1003,1313,105
613f630f536a4bb67b699ddc,314,1008,1440,76
613f630f536a4bb67b699ddd,314,1008,1463,76
613f630f536a4bb67b699dde,314,1008,759,76
613f630f536a4bb67b699ddf,320,1008,1219,76
613f630f536a4bb67b699de0,311,1008,830,76
613f630f536a4bb67b699de1,311,1008,936,76
613f630f536a4bb67b699de2,311,1008,488,76
613f630f536a4bb67b699de3,311,1008,1250,76
613f630f536a4bb67b699de4,311,1008,1257,76
613f630f536a4bb67b699de5,311,1008,1357,76
613f630f536a4bb67b699de6,311,1008,1673,76
613f630f536a4bb67b699de7,311,1008,1776,76
613f630f536a4bb67b699de8,311,1008,830 san pablo del monte,76
613f630f536a4bb67b699de9,250,1006,1192,88
613f630f536a4bb67b699dea,250,1006,743,88
613f630f536a4bb67b699deb,273,1002,191,92
613f630f536a4bb67b699dec,338,1003,325,105
613f630f536a4bb67b699ded,250,1006,244,88
613f630f536a4bb67b699dee,250,1006,954,88
613f630f536a4bb67b699def,352,1002,151,92
613f630f536a4bb67b699df0,352,1002,1145,92
613f630f536a4bb67b699df1,352,1002,573,92
613f630f536a4bb67b699df2,352,1002,91,92
613f630f536a4bb67b699df3,278,1003,1183,105
613f630f536a4bb67b699df4,278,1003,975,105
613f630f536a4bb67b699df5,278,1003,1379,105
613f630f536a4bb67b699df6,278,1003,1583,105
613f630f536a4bb67b699df7,278,1003,259,105
613f630f536a4bb67b699df8,278,1003,973,105
613f630f536a4bb67b699df9,278,1003,1682,105
613f630f536a4bb67b699dfa,278,1003,101,105
613f630f536a4bb67b699dfb,457,1003,392,105
613f630f536a4bb67b699dfc,457,1003,842,105
613f630f536a4bb67b699dfd,144,1009,653,90
613f630f536a4bb67b699dfe,457,1003,124,105
613f630f536a4bb67b699dff,382,1002,TENAYUCA,85
613f630f536a4bb67b699e00,382,1002,CHAL,85
613f630f536a4bb67b699e01,121,1003,179,105
613f630f536a4bb67b699e02,121,1003,1794,105
613f630f536a4bb67b699e03,121,1003,1418,105
613f630f536a4bb67b699e04,308,1002,1805,85
613f630f536a4bb67b699e05,308,1002,1712,85
613f630f536a4bb67b699e06,273,1002,629,92
613f630f536a4bb67b699e07,494,1002,1185,85
613f630f536a4bb67b699e08,273,1002,892,92
613f630f536a4bb67b699e09,494,1002,472,85
613f630f536a4bb67b699e0a,494,1002,1534,85
613f630f536a4bb67b699e0b,469,1003,172,105
613f630f536a4bb67b699e0c,310,1004,879,69
613f630f536a4bb67b699e0d,310,1004,984,69
613f630f536a4bb67b699e0e,284,1006,940,87
613f630f536a4bb67b699e0f,310,1004,480,69
613f630f536a4bb67b699e10,310,1004,1634,69
613f630f536a4bb67b699e11,310,1004,585,69
613f630f536a4bb67b699e12,512,1005,apan 1,96
613f630f536a4bb67b699e13,494,1002,269,85
613f630f536a4bb67b699e14,519,1004,1737,69
613f630f536a4bb67b699e15,207,1002,claveria,92
613f630f536a4bb67b699e16,207,1002,lago,92
613f630f536a4bb67b699e17,129,1000,1384,104
613f630f536a4bb67b699e18,157,1002,164,85
613f630f536a4bb67b699e19,502,1004,571,81
613f630f536a4bb67b699e1a,512,1005,163,96
613f630f536a4bb67b699e1b,512,1005,494,96
613f630f536a4bb67b699e1c,266,1004,434,81
613f630f536a4bb67b699e1d,487,1000,409,104
613f630f536a4bb67b699e1e,448,1002,1298,92
613f630f536a4bb67b699e1f,271,1005,1558,96
613f630f536a4bb67b699e20,472,1004,582,81
613f630f536a4bb67b699e21,414,1004,1443,81
613f630f536a4bb67b699e22,271,1005,1227,96
613f630f536a4bb67b699e23,168,1004,680,81
613f630f536a4bb67b699e24,445,1004,249,81
613f630f536a4bb67b699e25,271,1005,1800,96
613f630f536a4bb67b699e26,239,1000,zima,104
613f630f536a4bb67b699e27,271,1005,1677,96
613f630f536a4bb67b699e28,271,1005,1644,96
613f630f536a4bb67b699e29,448,1002,1271,92
613f630f536a4bb67b699e2a,271,1005,1531,96
613f630f536a4bb67b699e2b,271,1005,1538,96
613f630f536a4bb67b699e2c,445,1004,1628,81
613f630f536a4bb67b699e2d,445,1004,964,81
613f630f536a4bb67b699e2e,359,1000,san juan,104
613f630f536a4bb67b699e2f,157,1002,36,85
613f630f536a4bb67b699e30,157,1002,229,85
613f630f536a4bb67b699e31,157,1002,863,85
613f630f536a4bb67b699e32,351,1009,885,90
613f630f536a4bb67b699e33,501,1004,1693,69
613f630f536a4bb67b699e34,501,1004,1790,69
613f630f536a4bb67b699e35,501,1004,1716,69
613f630f536a4bb67b699e36,501,1004,682,69
613f630f536a4bb67b699e37,463,1002,1388,32
613f630f536a4bb67b699e38,473,1009,022,95
613f630f536a4bb67b699e39,54,1002,314,32
613f630f536a4bb67b699e3a,54,1002,588,32
613f630f536a4bb67b699e3b,376,1009,1710,90
613f630f536a4bb67b699e3c,297,1002,253,85
613f630f536a4bb67b699e3d,456,1000,176,104
613f630f536a4bb67b699e3e,363,1009,291,89
613f630f536a4bb67b699e3f,363,1009,1170,89
613f630f536a4bb67b699e40,428,1009,1221,89
613f630f536a4bb67b699e41,363,1009,461,89
613f630f536a4bb67b699e42,428,1009,1339,89
613f630f536a4bb67b699e43,363,1009,712,89
613f630f536a4bb67b699e44,269,1009,493,89
613f630f536a4bb67b699e45,456,1000,176,104
613f630f536a4bb67b699e46,391,1009,1208,89
613f630f536a4bb67b699e47,420,1009,1107,89
613f630f536a4bb67b699e48,177,1009,1668,89
613f630f536a4bb67b699e49,177,1009,1254,89
613f630f536a4bb67b699e4a,399,1000,766,104
613f630f536a4bb67b699e4b,434,1006,taxqueña,88
613f630f536a4bb67b699e4c,434,1006,arneses,88
613f630f536a4bb67b699e4d,434,1006,723,88
613f630f536a4bb67b699e4e,478,1006,829,88
613f630f536a4bb67b699e4f,288,1001,199,102
613f630f536a4bb67b699e50,367,1006,888,88
613f630f536a4bb67b699e51,478,1006,1671,88
613f630f536a4bb67b699e52,288,1001,630,102
613f630f536a4bb67b699e53,478,1006,1647,88
613f630f536a4bb67b699e54,288,1001,13,102
613f630f536a4bb67b699e55,367,1006,706,88
613f630f536a4bb67b699e56,434,1006,1131,88
613f630f536a4bb67b699e57,434,1006,viga,88
613f630f536a4bb67b699e58,246,1002,368,32
613f630f536a4bb67b699e59,434,1006,Apaches,88
613f630f536a4bb67b699e5a,97,1009,980,90
613f630f536a4bb67b699e5b,476,1000,144,104
613f630f536a4bb67b699e5c,476,1000,228,104
613f630f536a4bb67b699e5d,256,1002,455,32
613f630f536a4bb67b699e5e,476,1000,1422,104
613f630f536a4bb67b699e5f,246,1002,594,32
613f630f536a4bb67b699e60,380,1000,627,104
613f630f536a4bb67b699e61,476,1000,144Tepotzotlan|,104
613f630f536a4bb67b699e62,246,1002,806,32
613f630f536a4bb67b699e63,192,1006,219,88
613f630f536a4bb67b699e64,467,1000,161,104
613f630f536a4bb67b699e65,459,1001,127,102
613f630f536a4bb67b699e66,192,1006,987,88
613f630f536a4bb67b699e67,192,1006,1409,88
613f630f536a4bb67b699e68,192,1006,1489,88
613f630f536a4bb67b699e69,192,1006,302,88
613f630f536a4bb67b699e6a,467,1000,803,104
613f630f536a4bb67b699e6b,192,1006,SAN PEDRO,88
613f630f536a4bb67b699e6c,467,1000,1285,104
613f630f536a4bb67b699e6d,98,1001,085,102
613f630f536a4bb67b699e6e,438,1006,MANU,87
613f630f536a4bb67b699e6f,98,1001,85,102
613f630f536a4bb67b699e70,98,1001,1780,102
613f630f536a4bb67b699e71,98,1001,1350,102
613f630f536a4bb67b699e72,98,1001,699,102
613f630f536a4bb67b699e73,428,1009,278,89
613f630f536a4bb67b699e74,459,1001,193,102
613f630f536a4bb67b699e75,16,1001,182,102
613f630f536a4bb67b699e76,16,1001,97,102
613f630f536a4bb67b699e77,16,1001,1213,102
613f630f536a4bb67b699e78,16,1001,787,102
613f630f536a4bb67b699e79,219,1009,1127,90
613f630f536a4bb67b699e7a,16,1001,89,102
613f630f536a4bb67b699e7b,504,1001,1672 RAUL ROMERO,102
613f630f536a4bb67b699e7c,504,1001,718 FLAMINGOS,102
613f630f536a4bb67b699e7d,404,1000,0908,104
613f630f536a4bb67b699e7e,504,1001,1276 AV TEXCOCO,102
613f630f536a4bb67b699e7f,404,1000,908,104
613f630f536a4bb67b699e80,504,1001,938 JUAN ESCUTIA,102
613f630f536a4bb67b699e81,504,1001,1734 SANTA MARTHA,102
613f630f536a4bb67b699e82,504,1001,140 JUAN ESCUTIA,102
613f630f536a4bb67b699e83,369,1001,096,102
613f630f536a4bb67b699e84,455,1006,1410,103
613f630f536a4bb67b699e85,369,1001,346,102
613f630f536a4bb67b699e86,455,1006,959,103
613f630f536a4bb67b699e87,455,1006,923,103
613f630f536a4bb67b699e88,483,1000,1102,104
613f630f536a4bb67b699e89,397,1006,narva,103
613f630f536a4bb67b699e8a,455,1006,48,103
613f630f536a4bb67b699e8b,397,1006,roma,103
613f630f536a4bb67b699e8c,358,1004,1375,69
613f630f536a4bb67b699e8d,491,1009,628,89
613f630f536a4bb67b699e8e,429,1005,tepexpan,96
613f630f536a4bb67b699e8f,408,1000,486,104
613f630f536a4bb67b699e90,408,1000,1708,104
613f630f536a4bb67b699e91,429,1005,rojo gomez,96
613f630f536a4bb67b699e92,426,1003,361,105
613f630f536a4bb67b699e93,457,1003,839,105
613f630f536a4bb67b699e94,443,1006,popo,88
613f630f536a4bb67b699e95,351,1009,448,90
613f630f536a4bb67b699e96,378,1009,1572,90
613f630f536a4bb67b699e97,477,1000,520,104
613f630f536a4bb67b699e98,418,1003,874,105
613f630f536a4bb67b699e99,418,1003,1537,105
613f630f536a4bb67b699e9a,442,1006,del mar,87
613f630f536a4bb67b699e9b,313,1001,170,94
613f630f536a4bb67b699e9c,313,1001,1130,94
613f630f536a4bb67b699e9d,350,1001,1533,94
613f630f536a4bb67b699e9e,368,1001,337,94
613f630f536a4bb67b699e9f,248,1001,255,94
613f630f536a4bb67b699ea0,368,1001,azta,94
613f630f536a4bb67b699ea1,368,1001,azt,94
613f630f536a4bb67b699ea2,368,1001,598,94
613f630f536a4bb67b699ea3,248,1001,lac,94
613f630f536a4bb67b699ea4,MARISOL,1001,773,94
613f630f536a4bb67b699ea5,253,1001,479,94
613f630f536a4bb67b699ea6,MARISOL,1001,1801,94
613f630f536a4bb67b699ea7,MARISOL,1001,296,94
613f630f536a4bb67b699ea8,MARISOL,1001,516Ayotla},94
613f630f536a4bb67b699ea9,MARISOL,1001,516,94
613f630f536a4bb67b699eaa,MARISOL,1001,197,94
613f630f536a4bb67b699eab,253,1001,1126,94
613f630f536a4bb67b699eac,375,1000,292,104
613f630f536a4bb67b699ead,375,1000,811,104
613f630f536a4bb67b699eae,375,1000,578,104
613f630f536a4bb67b699eaf,375,1000,587,104
613f630f536a4bb67b699eb0,375,1000,1417,104
613f630f536a4bb67b699eb1,375,1000,1631,104
613f630f536a4bb67b699eb2,375,1000,fuentes,104
613f630f536a4bb67b699eb3,434,1006,ARNESES,88
613f630f536a4bb67b699eb4,462,1006,794,88
613f630f536a4bb67b699eb5,483,1000,816,104
613f630f536a4bb67b699eb6,340,1001,597,94
613f630f536a4bb67b699eb7,427,1006,SUR8,87
613f630f536a4bb67b699eb8,508,1006,740,88